30 77.7 195 0.0529 47 118.8 341 0.0362
31 79.4 280 0.0529 48 122.9 586 0.0360
32 81.6 820 0.0522 49 128.3 1794 0.0359
33 83.8 1255 0.0512 50 130.4 8146 0.0359
34 85.8 3330 0.0503 51 132.6 12907 0.0352
35 88.3 4690 0.0492 52 134.7 15910 0.0343
36 90.5 9526 0.0485 53 137.1 13829 0.0332
37 93.0 10803 0.0477 54 139.5 15323 0.0322
38 95.2 15323 0.0471 55 142.1 10803 0.0312
39 97.8 13829 0.0463 56 144.4 9526 0.0304
40 100.1 15910 0.0458 57 146.9 4690 0.0295
41 102.5 12907 0.0451 58 149.3 3330 0.0288
42 104.4 8146 0.0443 59 151.9 1255 0.0280
43 106.4 1794 0.0429 60 154.1 820 0.0273
44 110.3 586 0.0401 61 156.5 280 0.0265
45 113.7 341 0.0380 62 158.0 195 0.0256
46 114.9 229 0.0375
