------------------------------------------------------------
 Recombination Rate (at applied bias)
------------------------------------------------------------
Position (um), Recombination Rate (/cm3s)
                   0,       0.109952182596
      0.487971470245,        3390916366.38
      0.951544366978,        9558316638.13
       1.39193861887,        22911954961.4
       1.81031315818,        51811416415.8
       2.20776897051,         112355195010
       2.58535199223,         234631116734
       2.94405586287,         472844434521
       3.28482453997,         921131210056
       3.60855478322,        1737280096610
        3.9160985143,        3176927133090
       4.20826505883,        5640950207460
       4.48582327613,        9738663072010
       4.74950358257,       16368896130100
       4.99999987369,       26820089533100
       5.25024593471,       43880205326100
       5.48797969268,       70113538394600
       5.71382676274,      109493646667000
       5.92838147931,      167282834934000
       6.13220846005,      250281342237000
       6.32584409175,      367073314777000
       6.50979794186,      528253533487000
       6.68455409947,      746617262219000
        6.8505724492,    1.03729515699e+15
       7.00828988145,    1.41781635185e+15
       7.15812144208,    1.90808581288e+15
       7.30046142468,    2.53026652389e+15
       7.43568440815,    3.30856238063e+15
       7.56414624244,    4.26890323738e+15
       7.68618498502,    5.43853901561e+15
       7.80212179047,    6.84555487802e+15
       7.91226175565,    8.51832388247e+15
       8.01689472257,    1.04849169392e+16
       8.11629604115,    1.27724920605e+16
       8.21072729379,    1.54066857031e+16
       8.30043698381,    1.84110284815e+16
       8.38566118932,    2.18064058066e+16
       8.46662418456,    2.56105812858e+16
       8.54353903003,    2.98377972738e+16
       8.61660813323,    3.44984630563e+16
       8.68602378128,    3.95989370641e+16
       8.75196864691,     4.5141405498e+16
       8.81461626927,    5.11238560039e+16
       8.87413151051,    5.75401417413e+16
       8.93067098969,    6.43801284385e+16
       8.98438349491,    7.16299149018e+16
       9.03541037487,    7.92721159423e+16
       9.08388591083,    8.72861958055e+16
       9.12993766999,    9.56488398617e+16
       9.17368684119,    1.04334352492e+17
       9.21524855383,    1.13315069681e+17
       9.25473218085,    1.22561775741e+17
       9.29224162651,    1.32044114719e+17
       9.32787559988,    1.41730988322e+17
       9.36172787459,    1.51590933583e+17
       9.39388753557,    1.61592474834e+17
       9.42443921349,    1.71704445915e+17
       9.45346330752,    1.81896279802e+17
       9.48103619685,    1.92138264012e+17
       9.50723044171,    2.02401761256e+17
       9.53211497433,    2.12659395878e+17
       9.55575528031,    2.22885207844e+17
         9.578213571,    2.33054777626e+17
       9.59954894715,    2.43145327839e+17
        9.6198175545,    2.53135811503e+17
       9.63907273148,    2.63007003605e+17
       9.65736514961,    2.72741623355e+17
       9.67474294683,    2.82324530835e+17
       9.69125185419,    2.91743064932e+17
       9.70693531618,    3.00987620103e+17
       9.72183460508,     3.1005259721e+17
       9.73598892953,    3.18937905689e+17
       9.74943553775,     3.2765123621e+17
       9.76220981557,    3.36211358251e+17
       9.77434537949,    3.44652718668e+17
       9.78587416522,    3.53031620137e+17
       9.79682651166,    3.61434242144e+17
       9.80723124078,    3.69986740411e+17
       9.81711573345,    3.78867644083e+17
       9.82650600148,    3.88322798216e+17
       9.83542675611,    3.98683219994e+17
       9.84390147301,    4.10386507621e+17
       9.85195245406,    4.24002920745e+17
       9.85960088606,    4.40267995652e+17
       9.86686689646,     4.6012461309e+17
       9.87376960634,    4.84778839166e+17
       9.88032718072,    5.15775648423e+17
       9.88655687639,    5.55102867249e+17
       9.89247508728,    6.05334433111e+17
       9.89809738761,    6.69827484469e+17
       9.90343857294,    7.52992055966e+17
       9.90851269899,    8.60657456194e+17
       9.91333311875,    1.00056593624e+18
       9.91791251751,    1.18303212532e+18
       9.92226294634,    1.42181587584e+18
       9.92639585373,    1.73526636035e+18
       9.93032211574,    2.14780593292e+18
       9.93405206466,    2.69183247921e+18
       9.93759551613,    3.41012739678e+18
       9.94096179503,    4.35886122331e+18
       9.94415975998,    5.61128816324e+18
       9.94719782668,    7.26221202805e+18
       9.95008399005,    9.43328707526e+18
       9.95282584525,    1.22791858871e+19
       9.95543060769,    1.59946214269e+19
       9.95790513201,    2.08221514606e+19
       9.96025593011,    2.70606217388e+19
       9.96248918831,    3.50740223679e+19
        9.9646107836,    4.53004439056e+19
       9.96662629912,    5.82607313664e+19
       9.96854103887,    7.45663516554e+19
       9.97036004163,    9.49259188639e+19
       9.97208809425,    1.20149767006e+20
       9.97372974424,    1.51151923535e+20
       9.97528931173,    1.88948818767e+20
       9.97677090085,    2.34654062397e+20
       9.97817841051,    2.89468622557e+20
       9.97951554469,    3.54665748666e+20
       9.98078582215,    4.31569982429e+20
       9.98199258575,     5.2152960423e+20
       9.98313901117,    6.25881878253e+20
       9.98422811531,    7.45910517802e+20
       9.98526276425,    8.82794939494e+20
       9.98624568074,    1.03755117538e+21
        9.9871794514,    1.21096484106e+21
       9.98806653354,    1.40351738845e+21
       9.98890926156,    1.61530805164e+21
       9.98970985319,    1.84597541432e+21
       9.99047041523,    2.09462428475e+21
       9.99119294917,    2.35976533056e+21
       9.99187935642,     2.6392763331e+21
        9.9925314433,     2.9303944872e+21
       9.99315092584,     3.2297483868e+21
       9.99373943425,    3.53343580103e+21
       9.99429851724,     3.8371489565e+21
       9.99482964608,    4.13634315338e+21
       9.99533421848,     4.4264380268e+21
       9.99581356226,    4.70303490012e+21
       9.99626893885,    4.96212984947e+21
       9.99670154661,    5.20030139247e+21
       9.99711252398,    5.41485452113e+21
       9.99750295249,    5.60390864541e+21
       9.99787385957,    5.76642466675e+21
       9.99822622129,    5.90217424106e+21
       9.99856096493,    6.01166079891e+21
       9.99887897139,     6.0960060449e+21
       9.99918107752,    6.15681712598e+21
       9.99946807835,    6.19604874088e+21
       9.99974072913,    6.21587186935e+21
       9.99999974738,    6.21855615659e+21
       10.0000001659,    6.21854765319e+21
       10.0000006305,    6.21853816822e+21
       10.0000011463,     6.2185275802e+21
       10.0000017187,    6.21851575393e+21
       10.0000023541,    6.21850253615e+21
       10.0000030594,    6.21848775274e+21
       10.0000038423,    6.21847120557e+21
       10.0000047113,    6.21845266872e+21
       10.0000056759,    6.21843188398e+21
       10.0000067466,    6.21840855563e+21
       10.0000079351,    6.21838234416e+21
       10.0000092543,    6.21835285888e+21
       10.0000107186,    6.21831964906e+21
        10.000012344,    6.21828219337e+21
       10.0000141482,    6.21823988724e+21
       10.0000161508,    6.21819202768e+21
       10.0000183738,    6.21813779511e+21
       10.0000208413,    6.21807623138e+21
       10.0000235801,    6.21800621332e+21
       10.0000266203,    6.21792642079e+21
       10.0000299949,    6.21783529799e+21
       10.0000337407,    6.21773100658e+21
       10.0000378985,    6.21761136884e+21
       10.0000425137,    6.21747379855e+21
       10.0000476366,    6.21731521695e+21
       10.0000533229,    6.21713195052e+21
       10.0000596348,    6.21691960626e+21
        10.000066641,    6.21667291972e+21
       10.0000744178,     6.2163855695e+21
       10.0000830502,    6.21604995073e+21
        10.000092632,    6.21565689833e+21
       10.0001032679,    6.21519534871e+21
       10.0001150737,    6.21465192622e+21
       10.0001281782,    6.21401043734e+21
       10.0001427241,    6.21325125199e+21
       10.0001588701,    6.21235054686e+21
       10.0001767922,    6.21127938001e+21
       10.0001966857,    6.21000255937e+21
       10.0002187675,    6.20847726003e+21
       10.0002432783,    6.20665133526e+21
       10.0002704852,    6.20446125548e+21
        10.000300685,    6.20182959568e+21
       10.0003342066,    6.19866197682e+21
       10.0003714157,    6.19484334913e+21
       10.0004127178,    6.19023348572e+21
       10.0004585631,    6.18466153421e+21
       10.0005094514,    6.17791945254e+21
       10.0005659374,    6.16975413534e+21
       10.0006286369,    6.15985802214e+21
       10.0006982333,    6.14785797314e+21
       10.0007754853,    6.13330221101e+21
        10.000861235,    6.11564516896e+21
       10.0009564173,    6.09423017441e+21
       10.0010620695,    6.06827005713e+21
       10.0011793435,    6.03682603382e+21
       10.0013095176,    5.99878562871e+21
       10.0014540109,    5.95284099192e+21
       10.0016143985,     5.8974698256e+21
       10.0017924287,    5.83092226589e+21
       10.0019900422,    5.75121850482e+21
       10.0022093932,    5.65616360638e+21
       10.0024528728,    5.54338767476e+21
       10.0027231351,    5.41042086091e+21
       10.0030231263,    5.25481295321e+21
       10.0033561166,    5.07430549306e+21
       10.0037257358,    4.86705930512e+21
        10.004136013,    4.63193101578e+21
       10.0045914208,     4.3687783636e+21
       10.0050969235,     4.0787574001e+21
       10.0056580314,    3.76455898967e+21
       10.0062808612,    3.43052359376e+21
       10.0069722023,    3.08257900846e+21
       10.0077395909,    2.72796961504e+21
       10.0085913923,    2.37478551107e+21
       10.0095368917,    2.03134550058e+21
       10.0105863962,    1.70552428967e+21
       10.0117513461,    1.40412810782e+21
       10.0130444406,    1.13240971776e+21
       10.0144797754,    8.93779697686e+20
        10.016072997,    6.89729400651e+20
        10.017841473,    5.19945408696e+20
       10.0198044814,     3.8257293506e+20
       10.0219834207,    2.74576600177e+20
       10.0244020433,    1.92147044297e+20
       10.0270867145,    1.31106395978e+20
       10.0300666994,    8.72724446308e+19
       10.0333744827,    5.67505183129e+19
       10.0370461221,    3.61341403426e+19
       10.0411216419,    2.26098754881e+19
       10.0456454689,    1.39759682832e+19
       10.0506669168,    8.59522738805e+18
        10.056240724,    5.30774714371e+18
         10.06242765,    3.32805675136e+18
       10.0692951379,    2.14570385789e+18
       10.0769180494,    1.44072970024e+18
       10.0853794812,     1.0184539574e+18
       10.0947716705,    7.62964311635e+17
       10.1051970006,    6.06051865383e+17
        10.116769117,    5.07583375956e+17
       10.1296141662,    4.43678771251e+17
       10.1438721708,    3.99878931235e+17
        10.159698556,    3.67319173275e+17
       10.1772658435,    3.40599667633e+17
       10.1967655326,    3.16549536357e+17
       10.2184101876,    2.93443242085e+17
       10.2424357545,    2.70463404823e+17
       10.2691041339,    2.47329083247e+17
        10.298706035,    2.24053639646e+17
       10.3315641452,    2.00801899662e+17
       10.3680366475,    1.77814066527e+17
       10.4085211251,     1.5536720739e+17
       10.4534588952,    1.33753724717e+17
         10.50333982,    1.13265329986e+17
       10.5587076465,    9.41776183421e+16
        10.620165934,    7.67340681344e+16
       10.6883846331,    6.11301097819e+16
       10.7641073891,    4.74987582776e+16
       10.8481596482,    3.58996644703e+16
       10.9414576559,    2.63134390786e+16
       11.0450184444,    1.86427193689e+16
       11.1599709196,     1.2720661418e+16
       11.2875681671,    8.32641545386e+15
       11.4292011119,    5.20586547789e+15
       11.5864136805,    3.09479150375e+15
       11.7609196318,    1.74100768949e+15
       11.9546212376,      922242587305000
       12.1696300201,      457542499157000
       12.4082897686,      211278792966000
       12.6732020895,       90147157771300
       12.9672547657,       35254701137500
       13.2936532363,       12531363279300
       13.6559555387,        4014209278730
       14.0581110943,        1149281209940
        14.504503761,         293006618311
       14.9999996211,        72441915215.5
       15.2317110533,        34450931920.3
       15.4750080571,        15811208556.1
       15.7304699111,        6992199437.35
       15.9987048577,        2974814117.07
       16.2803515518,        1215619273.43
       16.5760805805,        476325910.869
       16.8865960607,        178665533.194
       17.2126373148,        64040333.7118
       17.5549806317,        21896546.8564
       17.9144411144,        7128984.32864
       18.2918746213,        2206033.80371
       18.6881798035,        647470.162583
       19.1043002448,         179287.23017
       19.5412267082,        44364.5770505
       19.9999994948,     -0.0420405404042

