------------------------------------------------------------
 p - Hole Density
------------------------------------------------------------
Position (um), Charge Density (/cm3)
                   0,              3.5e+16
      0.487971470245,              3.5e+16
      0.951544366978,              3.5e+16
       1.39193861887,              3.5e+16
       1.81031315818,              3.5e+16
       2.20776897051,              3.5e+16
       2.58535199223,              3.5e+16
       2.94405586287,              3.5e+16
       3.28482453997,              3.5e+16
       3.60855478322,              3.5e+16
        3.9160985143,              3.5e+16
       4.20826505883,              3.5e+16
       4.48582327613,              3.5e+16
       4.74950358257,              3.5e+16
       4.99999987369,              3.5e+16
       5.25024593471,              3.5e+16
       5.48797969268,              3.5e+16
       5.71382676274,              3.5e+16
       5.92838147931,              3.5e+16
       6.13220846005,              3.5e+16
       6.32584409175,              3.5e+16
       6.50979794186,              3.5e+16
       6.68455409947,              3.5e+16
        6.8505724492,              3.5e+16
       7.00828988145,              3.5e+16
       7.15812144208,              3.5e+16
       7.30046142468,              3.5e+16
       7.43568440815,              3.5e+16
       7.56414624244,              3.5e+16
       7.68618498502,              3.5e+16
       7.80212179047,              3.5e+16
       7.91226175565,              3.5e+16
       8.01689472257,              3.5e+16
       8.11629604115,              3.5e+16
       8.21072729379,              3.5e+16
       8.30043698381,              3.5e+16
       8.38566118932,              3.5e+16
       8.46662418456,              3.5e+16
       8.54353903003,              3.5e+16
       8.61660813323,              3.5e+16
       8.68602378128,              3.5e+16
       8.75196864691,              3.5e+16
       8.81461626927,              3.5e+16
       8.87413151051,              3.5e+16
       8.93067098969,              3.5e+16
       8.98438349491,              3.5e+16
       9.03541037487,              3.5e+16
       9.08388591083,              3.5e+16
       9.12993766999,              3.5e+16
       9.17368684119,              3.5e+16
       9.21524855383,              3.5e+16
       9.25473218085,              3.5e+16
       9.29224162651,    3.49999999999e+16
       9.32787559988,    3.49999999995e+16
       9.36172787459,    3.49999999978e+16
       9.39388753557,    3.49999999915e+16
       9.42443921349,    3.49999999685e+16
       9.45346330752,    3.49999998901e+16
       9.48103619685,    3.49999996375e+16
       9.50723044171,    3.49999988676e+16
       9.53211497433,     3.4999996642e+16
       9.55575528031,    3.49999905292e+16
         9.578213571,    3.49999745442e+16
       9.59954894715,    3.49999346696e+16
        9.6198175545,    3.49998396048e+16
       9.63907273148,    3.49996225881e+16
       9.65736514961,    3.49991473558e+16
       9.67474294683,     3.4998147298e+16
       9.69125185419,    3.49961215143e+16
       9.70693531618,    3.49921648924e+16
       9.72183460508,    3.49847020821e+16
       9.73598892953,    3.49710885197e+16
       9.74943553775,    3.49470375932e+16
       9.76220981557,    3.49058350335e+16
       9.77434537949,    3.48373149383e+16
       9.78587416522,    3.47266042285e+16
       9.79682651166,    3.45527045211e+16
       9.80723124078,    3.42870852628e+16
       9.81711573345,    3.38926203809e+16
       9.82650600148,    3.33234104704e+16
       9.83542675611,    3.25262570181e+16
       9.84390147301,    3.14446930185e+16
       9.85195245406,    3.00263367907e+16
       9.85960088606,    2.82336743843e+16
       9.86686689646,    2.60570238343e+16
       9.87376960634,    2.35265829342e+16
       9.88032718072,    2.07189276157e+16
       9.88655687639,    1.77534342803e+16
       9.89247508728,    1.47768358242e+16
       9.89809738761,     1.1938913608e+16
       9.90343857294,    9.36667867571e+15
       9.90851269899,     7.1454068916e+15
       9.91333311875,    5.31171112619e+15
       9.91791251751,    3.85852671688e+15
       9.92226294634,    2.74768471357e+15
       9.92639585373,    1.92451068158e+15
       9.93032211574,    1.33022762273e+15
       9.93405206466,      910263058812000
       9.93759551613,      618485464159000
       9.94096179503,      418392167713000
       9.94415975998,      282471527671000
       9.94719782668,      190732420316000
       9.95008399005,      129043437861000
       9.95282584525,       87619542960000
       9.95543060769,       59787491739100
       9.95790513201,       41045244305200
       9.96025593011,       28377564318700
       9.96248918831,       19773815744400
        9.9646107836,       13895921955600
       9.96662629912,        9853418393610
       9.96854103887,        7052774289110
       9.97036004163,        5097219111380
       9.97208809425,        3720447373170
       9.97372974424,        2742839660460
       9.97528931173,        2042560611030
       9.97677090085,        1536454406490
       9.97817841051,        1167384946520
       9.97951554469,         895817227718
       9.98078582215,         694194847102
       9.98199258575,         543166216132
       9.98313901117,         429037655382
       9.98422811531,         342044311971
       9.98526276425,         275168952935
       9.98624568074,         223329790696
        9.9871794514,         182818317947
       9.98806653354,         150907544893
       9.98890926156,         125577108216
       9.98970985319,         105319051735
       9.99047041523,          88999654164
       9.99119294917,        75760451880.6
       9.99187935642,        64946852474.7
        9.9925314433,        56056298535.9
       9.99315092584,        48700375249.1
       9.99373943425,        42576927953.1
       9.99429851724,        37449411999.8
       9.99482964608,        33131501330.7
       9.99533421848,          29475544772
       9.99581356226,        26363855054.8
       9.99626893885,        23702095986.7
       9.99670154661,        21414232958.2
       9.99711252398,        19438655103.6
       9.99750295249,        17725180597.1
       9.99787385957,        16232731343.3
       9.99822622129,        14927517833.7
       9.99856096493,        13781614897.6
       9.99887897139,        12771838526.2
       9.99918107752,        11878855775.4
       9.99946807835,        11086476002.9
       9.99974072913,        10381083872.2
       9.99999974738,        9751183713.04
       10.0000208413,        9701605690.31
       10.0000425137,        9650939630.27
        10.000066641,        9594856823.09
        10.000092632,        9534819269.84
       10.0001150737,        9483293476.86
       10.0001427241,        9420204814.03
       10.0001767922,        9343070496.06
       10.0002187675,        9248931885.44
       10.0002432783,         9194415999.4
       10.0002704852,        9134292922.05
        10.000300685,         9068032912.4
       10.0003342066,        8995066959.98
       10.0003714157,        8914786451.28
       10.0004127178,        8826543577.58
       10.0004585631,        8729652696.78
       10.0005094514,        8623392899.16
       10.0005659374,        8507012067.71
       10.0006286369,        8379732764.66
       10.0006982333,        8240760316.49
       10.0007754853,        8089293505.66
        10.000861235,        7924538304.42
       10.0009564173,         7745725097.8
       10.0010620695,         7552129831.6
       10.0011793435,        7343099474.89
       10.0013095176,        7118082094.73
       10.0014540109,        6876661686.21
       10.0016143985,        6618597668.55
       10.0017924287,        6343868630.76
       10.0019900422,        6052719472.34
       10.0022093932,        5745710527.04
       10.0024528728,        5423766579.35
       10.0027231351,        5088222900.16
       10.0030231263,        4740864579.31
       10.0033561166,        4383954588.58
       10.0037257358,        4020245278.63
        10.004136013,        3652967551.74
       10.0045914208,        3285791951.59
       10.0050969235,        2922756596.43
       10.0056580314,        2568158474.14
       10.0062808612,        2226407290.83
       10.0069722023,        1901844875.47
       10.0077395909,        1598537949.73
       10.0085913923,        1320057454.39
       10.0095368917,        1069262834.05
       10.0105863962,         848113665.77
       10.0117513461,         657532537.92
       10.0130444406,        497340982.525
       10.0144797754,        366283826.772
        10.016072997,        262146702.189
        10.017841473,        181957940.792
       10.0198044814,        122252176.769
       10.0219834207,        79361893.5927
       10.0244020433,        49698030.1132
       10.0270867145,         29983494.829
       10.0300666994,        17413824.1507
       10.0333744827,        9734684.52387
       10.0370461221,         5242223.2887
       10.0411216419,        2724998.33815
       10.0456454689,         1372395.8111
       10.0506669168,        673577.803338
        10.056240724,        324942.502845
         10.06242765,        155925.338199
       10.0692951379,         75618.635624
       10.0769180494,        37817.8718356
       10.0853794812,        19971.6922143
       10.0947716705,        11415.3866592
       10.1051970006,        7208.50146577
        10.116769117,        5079.82398156
       10.1296141662,        3977.32645317
       10.1438721708,        3401.28564747
        10.159698556,         3103.8763757
       10.1772658435,        2955.51556736
       10.1967655326,        2885.48029008
       10.2184101876,        2854.73865524
       10.2424357545,        2842.36975683
       10.2691041339,         2837.8618348
        10.298706035,        2836.38886963
       10.3315641452,          2835.961408
       10.3680366475,         2835.8522071
       10.4085211251,        2835.82785898
       10.4534588952,        2835.82315953
         10.50333982,        2835.82238045
       10.5587076465,        2835.82227033
        10.620165934,        2835.82225714
       10.6883846331,        2835.82225581
       10.7641073891,         2835.8222557
       10.8481596482,        2835.82225569
       10.9414576559,        2835.82225569
       11.0450184444,        2835.82225569
       11.1599709196,        2835.82225569
       11.2875681671,        2835.82225569
       11.4292011119,        2835.82225569
       11.5864136805,        2835.82225569
       11.7609196318,        2835.82225569
       11.9546212376,        2835.82225569
       12.1696300201,        2835.82225569
       12.4082897686,        2835.82225569
       12.6732020895,        2835.82225569
       12.9672547657,        2835.82225569
       13.2936532363,        2835.82225569
       13.6559555387,        2835.82225569
       14.0581110943,        2835.82225569
        14.504503761,        2835.82225569
       14.9999996211,        2835.82225569
       15.2317110533,        2835.82225569
       15.4750080571,        2835.82225569
       15.7304699111,        2835.82225569
       15.9987048577,        2835.82225569
       16.2803515518,        2835.82225569
       16.5760805805,        2835.82225569
       16.8865960607,        2835.82225569
       17.2126373148,        2835.82225569
       17.5549806317,        2835.82225569
       17.9144411144,        2835.82225569
       18.2918746213,        2835.82225569
       18.6881798035,        2835.82225569
       19.1043002448,        2835.82225569
       19.5412267082,        2835.82225569
       19.9999994948,        2835.82225569

------------------------------------------------------------
 n - Electron Density
------------------------------------------------------------
Position (um), Charge Density (/cm3)
                   0,        2835.82225569
      0.487971470245,        2835.82225569
      0.951544366978,        2835.82225569
       1.39193861887,        2835.82225569
       1.81031315818,        2835.82225569
       2.20776897051,        2835.82225569
       2.58535199223,        2835.82225569
       2.94405586287,        2835.82225569
       3.28482453997,        2835.82225569
       3.60855478322,        2835.82225569
        3.9160985143,        2835.82225569
       4.20826505883,        2835.82225569
       4.48582327613,        2835.82225569
       4.74950358257,        2835.82225569
       4.99999987369,        2835.82225569
       5.25024593471,        2835.82225569
       5.48797969268,        2835.82225569
       5.71382676274,        2835.82225569
       5.92838147931,        2835.82225569
       6.13220846005,        2835.82225569
       6.32584409175,        2835.82225569
       6.50979794186,        2835.82225569
       6.68455409947,        2835.82225569
        6.8505724492,        2835.82225569
       7.00828988145,        2835.82225569
       7.15812144208,        2835.82225569
       7.30046142468,        2835.82225569
       7.43568440815,        2835.82225569
       7.56414624244,        2835.82225569
       7.68618498502,        2835.82225569
       7.80212179047,        2835.82225569
       7.91226175565,        2835.82225569
       8.01689472257,        2835.82225569
       8.11629604115,        2835.82225569
       8.21072729379,        2835.82225569
       8.30043698381,        2835.82225569
       8.38566118932,        2835.82225569
       8.46662418456,        2835.82225569
       8.54353903003,        2835.82225569
       8.61660813323,        2835.82225569
       8.68602378128,        2835.82225569
       8.75196864691,        2835.82225569
       8.81461626927,        2835.82225569
       8.87413151051,        2835.82225569
       8.93067098969,        2835.82225569
       8.98438349491,        2835.82225569
       9.03541037487,        2835.82225569
       9.08388591083,        2835.82225569
       9.12993766999,        2835.82225569
       9.17368684119,        2835.82225569
       9.21524855383,        2835.82225569
       9.25473218085,         2835.8222557
       9.29224162651,         2835.8222557
       9.32787559988,        2835.82225574
       9.36172787459,        2835.82225587
       9.39388753557,        2835.82225639
       9.42443921349,        2835.82225825
       9.45346330752,         2835.8222646
       9.48103619685,        2835.82228507
       9.50723044171,        2835.82234745
       9.53211497433,        2835.82252777
       9.55575528031,        2835.82302306
         9.578213571,        2835.82431822
       9.59954894715,          2835.827549
        9.6198175545,        2835.83525153
       9.63907273148,        2835.85283525
       9.65736514961,        2835.89134159
       9.67474294683,        2835.97237603
       9.69125185419,        2836.13653898
       9.70693531618,        2836.45722562
       9.72183460508,        2837.06228844
       9.73598892953,        2838.16670143
       9.74943553775,        2840.11995822
       9.76220981557,        2843.47241239
       9.77434537949,        2849.06512242
       9.78587416522,        2858.14813036
       9.79682651166,        2872.53285452
       9.80723124078,        2894.78613269
       9.81711573345,        2928.47758107
       9.82650600148,         2978.5000259
       9.83542675611,        3051.49709953
       9.84390147301,        3156.45565027
       9.85195245406,        3305.55737255
       9.85960088606,        3515.43966961
       9.86686689646,        3809.09882803
       9.87376960634,        4218.79281097
       9.88032718072,        4790.48823329
       9.88655687639,        5590.68050623
       9.89247508728,        6716.84927208
       9.89809738761,        8313.46822734
       9.90343857294,          10596.47527
       9.90851269899,        13890.5706078
       9.91333311875,        18685.8390058
       9.91791251751,        25723.2322676
       9.92226294634,        36122.6957587
       9.92639585373,        51573.5141922
       9.93032211574,        74614.1316368
       9.93405206466,        109038.566367
       9.93759551613,        160478.757709
       9.94096179503,        237226.665814
       9.94415975998,        351376.224598
       9.94719782668,        520382.317725
       9.95008399005,        769150.145054
       9.95282584525,        1132781.29052
       9.95543060769,        1660109.43196
       9.95790513201,        2418155.39485
       9.96025593011,        3497614.44761
       9.96248918831,        5019455.03246
        9.9646107836,        7142655.18087
       9.96662629912,        10073029.9866
       9.96854103887,        14073012.2475
       9.97036004163,        19472142.9039
       9.97208809425,        26677915.0446
       9.97372974424,        36186504.2204
       9.97528931173,        48592819.4313
       9.97677090085,        64599234.7901
       9.97817841051,        85022322.1102
       9.97951554469,        110796907.983
       9.98078582215,        142976830.444
       9.98199258575,        182731871.021
       9.98313901117,        231340484.231
       9.98422811531,        290178130.364
       9.98526276425,        360701226.976
       9.98624568074,        444426955.491
        9.9871794514,        542909376.171
       9.98806653354,        657712502.179
       9.98890926156,        790381147.959
       9.98970985319,        942410488.081
       9.99047041523,        1115215332.93
       9.99119294917,        1310100144.41
       9.99187935642,        1528230778.97
        9.9925314433,        1770608861.84
       9.99315092584,        2038049572.34
       9.99373943425,        2331163466.25
       9.99429851724,        2650342786.42
       9.99482964608,        2995752530.45
       9.99533421848,        3367326362.14
       9.99581356226,        3764767282.44
       9.99626893885,        4187552822.55
       9.99670154661,        4634944391.57
       9.99711252398,        5106000308.15
       9.99750295249,        5599591970.62
       9.99787385957,        6114422573.15
       9.99822622129,        6649047755.61
       9.99856096493,        7201897577.83
       9.99887897139,        7771299233.52
       9.99918107752,         8355499959.4
       9.99946807835,        8952689648.47
       9.99974072913,        9561022738.19
       9.99999974738,        10178639011.4
       10.0000208413,          10230654813
       10.0000425137,        10284364295.3
        10.000066641,        10344477336.1
        10.000092632,        10409613034.1
       10.0001150737,        10466171820.1
       10.0001427241,        10536265496.2
       10.0001767922,        10623250567.5
       10.0002187675,        10731377436.7
       10.0002432783,        10795006333.8
       10.0002704852,          10866060438
        10.000300685,        10945458613.6
       10.0003342066,        11034245702.8
       10.0003714157,        11133612621.2
       10.0004127178,        11244920288.1
       10.0004585631,          11369728258
       10.0005094514,        11509829148.5
       10.0005659374,        11667290249.4
       10.0006286369,        11844504083.5
       10.0006982333,        12044250182.9
       10.0007754853,        12269771010.3
        10.000861235,        12524865820.1
       10.0009564173,        12814007429.4
       10.0010620695,        13142488432.1
       10.0011793435,        13516605527.2
       10.0013095176,        13943893541.6
       10.0014540109,        14433424745.7
       10.0016143985,        14996194650.3
       10.0017924287,        15645623313.8
       10.0019900422,        16398212308.2
       10.0022093932,          17274413405
       10.0024528728,        18299788071.1
       10.0027231351,        19506570544.8
       10.0030231263,        20935797108.1
       10.0033561166,          22640238840
       10.0037257358,        24688488405.7
        10.004136013,        27170725593.3
       10.0045914208,          30206957839
       10.0050969235,        33958961574.4
       10.0056580314,        38647840446.3
       10.0062808612,        44580243407.4
       10.0069722023,        52188156999.4
       10.0077395909,        62090348850.3
       10.0085913923,        75188984099.8
       10.0095368917,        92824491592.5
       10.0105863962,         117028864120
       10.0117513461,         150948847738
       10.0130444406,         199568872136
       10.0144797754,         270975051845
        10.016072997,         378619216341
        10.017841473,         545476490432
       10.0198044814,         811877396156
       10.0219834207,        1250647816680
       10.0244020433,        1997137084170
       10.0270867145,        3310280523180
       10.0300666994,        5699711797380
       10.0333744827,       10195890653300
       10.0370461221,       18933527528900
       10.0411216419,       36423427332000
       10.0456454689,       72321540292300
       10.0506669168,      147353102281000
        10.056240724,      305450281451000
         10.06242765,      636546824882000
       10.0692951379,    1.31255712471e+15
       10.0769180494,    2.62452047489e+15
       10.0853794812,     4.9697230402e+15
       10.0947716705,    8.69473649143e+15
       10.1051970006,    1.37689892165e+16
        10.116769117,     1.9538822469e+16
       10.1296141662,    2.49548987537e+16
       10.1438721708,    2.91812535719e+16
        10.159698556,    3.19773621547e+16
       10.1772658435,    3.35825600263e+16
       10.1967655326,    3.43976631171e+16
       10.2184101876,    3.47680789508e+16
       10.2424357545,    3.49193762391e+16
       10.2691041339,    3.49748454038e+16
        10.298706035,    3.49930081915e+16
       10.3315641452,    3.49982826527e+16
       10.3680366475,    3.49996303407e+16
       10.4085211251,    3.49999308438e+16
       10.4534588952,    3.49999888448e+16
         10.50333982,    3.49999984602e+16
       10.5587076465,    3.49999998194e+16
        10.620165934,    3.49999999821e+16
       10.6883846331,    3.49999999985e+16
       10.7641073891,    3.49999999999e+16
       10.8481596482,              3.5e+16
       10.9414576559,              3.5e+16
       11.0450184444,              3.5e+16
       11.1599709196,              3.5e+16
       11.2875681671,              3.5e+16
       11.4292011119,              3.5e+16
       11.5864136805,              3.5e+16
       11.7609196318,              3.5e+16
       11.9546212376,              3.5e+16
       12.1696300201,              3.5e+16
       12.4082897686,              3.5e+16
       12.6732020895,              3.5e+16
       12.9672547657,              3.5e+16
       13.2936532363,              3.5e+16
       13.6559555387,              3.5e+16
       14.0581110943,              3.5e+16
        14.504503761,              3.5e+16
       14.9999996211,              3.5e+16
       15.2317110533,              3.5e+16
       15.4750080571,              3.5e+16
       15.7304699111,              3.5e+16
       15.9987048577,              3.5e+16
       16.2803515518,              3.5e+16
       16.5760805805,              3.5e+16
       16.8865960607,              3.5e+16
       17.2126373148,              3.5e+16
       17.5549806317,              3.5e+16
       17.9144411144,              3.5e+16
       18.2918746213,              3.5e+16
       18.6881798035,              3.5e+16
       19.1043002448,              3.5e+16
       19.5412267082,              3.5e+16
       19.9999994948,              3.5e+16

------------------------------------------------------------
 Doping Density
------------------------------------------------------------
Position (um), Charge Density (/cm3)
                   0,              3.5e+16
      0.487971470245,              3.5e+16
      0.951544366978,              3.5e+16
       1.39193861887,              3.5e+16
       1.81031315818,              3.5e+16
       2.20776897051,              3.5e+16
       2.58535199223,              3.5e+16
       2.94405586287,              3.5e+16
       3.28482453997,              3.5e+16
       3.60855478322,              3.5e+16
        3.9160985143,              3.5e+16
       4.20826505883,              3.5e+16
       4.48582327613,              3.5e+16
       4.74950358257,              3.5e+16
       4.99999987369,              3.5e+16
       5.25024593471,              3.5e+16
       5.48797969268,              3.5e+16
       5.71382676274,              3.5e+16
       5.92838147931,              3.5e+16
       6.13220846005,              3.5e+16
       6.32584409175,              3.5e+16
       6.50979794186,              3.5e+16
       6.68455409947,              3.5e+16
        6.8505724492,              3.5e+16
       7.00828988145,              3.5e+16
       7.15812144208,              3.5e+16
       7.30046142468,              3.5e+16
       7.43568440815,              3.5e+16
       7.56414624244,              3.5e+16
       7.68618498502,              3.5e+16
       7.80212179047,              3.5e+16
       7.91226175565,              3.5e+16
       8.01689472257,              3.5e+16
       8.11629604115,              3.5e+16
       8.21072729379,              3.5e+16
       8.30043698381,              3.5e+16
       8.38566118932,              3.5e+16
       8.46662418456,              3.5e+16
       8.54353903003,              3.5e+16
       8.61660813323,              3.5e+16
       8.68602378128,              3.5e+16
       8.75196864691,              3.5e+16
       8.81461626927,              3.5e+16
       8.87413151051,              3.5e+16
       8.93067098969,              3.5e+16
       8.98438349491,              3.5e+16
       9.03541037487,              3.5e+16
       9.08388591083,              3.5e+16
       9.12993766999,              3.5e+16
       9.17368684119,              3.5e+16
       9.21524855383,              3.5e+16
       9.25473218085,              3.5e+16
       9.29224162651,              3.5e+16
       9.32787559988,              3.5e+16
       9.36172787459,              3.5e+16
       9.39388753557,              3.5e+16
       9.42443921349,              3.5e+16
       9.45346330752,              3.5e+16
       9.48103619685,              3.5e+16
       9.50723044171,              3.5e+16
       9.53211497433,              3.5e+16
       9.55575528031,              3.5e+16
         9.578213571,              3.5e+16
       9.59954894715,              3.5e+16
        9.6198175545,              3.5e+16
       9.63907273148,              3.5e+16
       9.65736514961,              3.5e+16
       9.67474294683,              3.5e+16
       9.69125185419,              3.5e+16
       9.70693531618,              3.5e+16
       9.72183460508,              3.5e+16
       9.73598892953,              3.5e+16
       9.74943553775,              3.5e+16
       9.76220981557,              3.5e+16
       9.77434537949,              3.5e+16
       9.78587416522,              3.5e+16
       9.79682651166,              3.5e+16
       9.80723124078,              3.5e+16
       9.81711573345,              3.5e+16
       9.82650600148,              3.5e+16
       9.83542675611,              3.5e+16
       9.84390147301,              3.5e+16
       9.85195245406,              3.5e+16
       9.85960088606,              3.5e+16
       9.86686689646,              3.5e+16
       9.87376960634,              3.5e+16
       9.88032718072,              3.5e+16
       9.88655687639,              3.5e+16
       9.89247508728,              3.5e+16
       9.89809738761,              3.5e+16
       9.90343857294,              3.5e+16
       9.90851269899,              3.5e+16
       9.91333311875,              3.5e+16
       9.91791251751,              3.5e+16
       9.92226294634,              3.5e+16
       9.92639585373,              3.5e+16
       9.93032211574,              3.5e+16
       9.93405206466,              3.5e+16
       9.93759551613,              3.5e+16
       9.94096179503,              3.5e+16
       9.94415975998,              3.5e+16
       9.94719782668,              3.5e+16
       9.95008399005,              3.5e+16
       9.95282584525,              3.5e+16
       9.95543060769,              3.5e+16
       9.95790513201,              3.5e+16
       9.96025593011,              3.5e+16
       9.96248918831,              3.5e+16
        9.9646107836,              3.5e+16
       9.96662629912,              3.5e+16
       9.96854103887,              3.5e+16
       9.97036004163,              3.5e+16
       9.97208809425,              3.5e+16
       9.97372974424,              3.5e+16
       9.97528931173,              3.5e+16
       9.97677090085,              3.5e+16
       9.97817841051,              3.5e+16
       9.97951554469,              3.5e+16
       9.98078582215,              3.5e+16
       9.98199258575,              3.5e+16
       9.98313901117,              3.5e+16
       9.98422811531,              3.5e+16
       9.98526276425,              3.5e+16
       9.98624568074,              3.5e+16
        9.9871794514,              3.5e+16
       9.98806653354,              3.5e+16
       9.98890926156,              3.5e+16
       9.98970985319,              3.5e+16
       9.99047041523,              3.5e+16
       9.99119294917,              3.5e+16
       9.99187935642,              3.5e+16
        9.9925314433,              3.5e+16
       9.99315092584,              3.5e+16
       9.99373943425,              3.5e+16
       9.99429851724,              3.5e+16
       9.99482964608,              3.5e+16
       9.99533421848,              3.5e+16
       9.99581356226,              3.5e+16
       9.99626893885,              3.5e+16
       9.99670154661,              3.5e+16
       9.99711252398,              3.5e+16
       9.99750295249,              3.5e+16
       9.99787385957,              3.5e+16
       9.99822622129,              3.5e+16
       9.99856096493,              3.5e+16
       9.99887897139,              3.5e+16
       9.99918107752,              3.5e+16
       9.99946807835,              3.5e+16
       9.99974072913,              3.5e+16
       9.99999974738,   3.16227766017e-154
       10.0000001659,              3.5e+16
       10.0000208413,              3.5e+16
       10.0000425137,              3.5e+16
        10.000066641,              3.5e+16
        10.000092632,              3.5e+16
       10.0001150737,              3.5e+16
       10.0001427241,              3.5e+16
       10.0001767922,              3.5e+16
       10.0002187675,              3.5e+16
       10.0002432783,              3.5e+16
       10.0002704852,              3.5e+16
        10.000300685,              3.5e+16
       10.0003342066,              3.5e+16
       10.0003714157,              3.5e+16
       10.0004127178,              3.5e+16
       10.0004585631,              3.5e+16
       10.0005094514,              3.5e+16
       10.0005659374,              3.5e+16
       10.0006286369,              3.5e+16
       10.0006982333,              3.5e+16
       10.0007754853,              3.5e+16
        10.000861235,              3.5e+16
       10.0009564173,              3.5e+16
       10.0010620695,              3.5e+16
       10.0011793435,              3.5e+16
       10.0013095176,              3.5e+16
       10.0014540109,              3.5e+16
       10.0016143985,              3.5e+16
       10.0017924287,              3.5e+16
       10.0019900422,              3.5e+16
       10.0022093932,              3.5e+16
       10.0024528728,              3.5e+16
       10.0027231351,              3.5e+16
       10.0030231263,              3.5e+16
       10.0033561166,              3.5e+16
       10.0037257358,              3.5e+16
        10.004136013,              3.5e+16
       10.0045914208,              3.5e+16
       10.0050969235,              3.5e+16
       10.0056580314,              3.5e+16
       10.0062808612,              3.5e+16
       10.0069722023,              3.5e+16
       10.0077395909,              3.5e+16
       10.0085913923,              3.5e+16
       10.0095368917,              3.5e+16
       10.0105863962,              3.5e+16
       10.0117513461,              3.5e+16
       10.0130444406,              3.5e+16
       10.0144797754,              3.5e+16
        10.016072997,              3.5e+16
        10.017841473,              3.5e+16
       10.0198044814,              3.5e+16
       10.0219834207,              3.5e+16
       10.0244020433,              3.5e+16
       10.0270867145,              3.5e+16
       10.0300666994,              3.5e+16
       10.0333744827,              3.5e+16
       10.0370461221,              3.5e+16
       10.0411216419,              3.5e+16
       10.0456454689,              3.5e+16
       10.0506669168,              3.5e+16
        10.056240724,              3.5e+16
         10.06242765,              3.5e+16
       10.0692951379,              3.5e+16
       10.0769180494,              3.5e+16
       10.0853794812,              3.5e+16
       10.0947716705,              3.5e+16
       10.1051970006,              3.5e+16
        10.116769117,              3.5e+16
       10.1296141662,              3.5e+16
       10.1438721708,              3.5e+16
        10.159698556,              3.5e+16
       10.1772658435,              3.5e+16
       10.1967655326,              3.5e+16
       10.2184101876,              3.5e+16
       10.2424357545,              3.5e+16
       10.2691041339,              3.5e+16
        10.298706035,              3.5e+16
       10.3315641452,              3.5e+16
       10.3680366475,              3.5e+16
       10.4085211251,              3.5e+16
       10.4534588952,              3.5e+16
         10.50333982,              3.5e+16
       10.5587076465,              3.5e+16
        10.620165934,              3.5e+16
       10.6883846331,              3.5e+16
       10.7641073891,              3.5e+16
       10.8481596482,              3.5e+16
       10.9414576559,              3.5e+16
       11.0450184444,              3.5e+16
       11.1599709196,              3.5e+16
       11.2875681671,              3.5e+16
       11.4292011119,              3.5e+16
       11.5864136805,              3.5e+16
       11.7609196318,              3.5e+16
       11.9546212376,              3.5e+16
       12.1696300201,              3.5e+16
       12.4082897686,              3.5e+16
       12.6732020895,              3.5e+16
       12.9672547657,              3.5e+16
       13.2936532363,              3.5e+16
       13.6559555387,              3.5e+16
       14.0581110943,              3.5e+16
        14.504503761,              3.5e+16
       14.9999996211,              3.5e+16
       15.2317110533,              3.5e+16
       15.4750080571,              3.5e+16
       15.7304699111,              3.5e+16
       15.9987048577,              3.5e+16
       16.2803515518,              3.5e+16
       16.5760805805,              3.5e+16
       16.8865960607,              3.5e+16
       17.2126373148,              3.5e+16
       17.5549806317,              3.5e+16
       17.9144411144,              3.5e+16
       18.2918746213,              3.5e+16
       18.6881798035,              3.5e+16
       19.1043002448,              3.5e+16
       19.5412267082,              3.5e+16
       19.9999994948,              3.5e+16

