<<PMCA SPECTRUM>>
TAG - Test
DESCRIPTION - ATOMKI MCA Record
GAIN - 5
THRESHOLD - 512
LIVE_MODE - 0
PRESET_TIME - 999999
LIVE_TIME - 1040
REAL_TIME - 1043
START_TIME - 02/20/2025 13:30:20
SERIAL_NUMBER - 0
<<ROI>>
312 6421
2395 2892
428 2360
462 578
694 902
<<DATA>>
0
0
0
0
0
0
0
0
0
0
0
0
0
0
0
0
0
0
0
0
0
0
0
0
0
0
0
0
0
0
0
0
0
0
0
0
0
0
0
0
0
0
0
0
0
0
0
0
0
0
0
0
0
0
0
0
0
0
0
0
0
0
0
0
0
0
0
0
0
0
0
0
0
0
0
0
0
0
0
0
0
0
0
0
0
0
0
0
0
0
0
0
0
0
0
0
0
0
0
0
0
0
0
0
0
0
0
0
0
0
0
0
0
0
0
0
0
0
0
0
0
0
0
0
0
0
0
0
0
0
0
0
0
0
0
0
0
0
0
0
0
0
0
0
0
0
0
0
0
0
0
0
0
0
0
0
0
0
0
0
0
0
0
0
0
0
0
0
0
0
0
0
0
0
0
0
0
0
0
0
0
0
0
0
0
0
0
0
0
0
0
0
0
0
0
0
0
0
0
0
0
0
0
0
0
0
0
0
0
0
0
0
0
0
0
0
0
0
0
0
0
0
0
0
0
0
0
0
0
0
0
0
0
0
0
0
0
0
0
0
0
0
0
0
0
0
0
0
0
0
0
0
0
0
0
0
0
0
0
0
0
0
0
0
0
0
0
0
0
0
0
0
0
0
0
0
0
0
0
0
0
0
0
0
0
0
0
0
0
0
0
0
0
0
0
0
0
0
0
0
0
0
0
0
0
0
0
0
0
0
0
0
0
0
0
0
0
0
0
0
0
0
0
0
0
0
0
0
0
0
0
0
0
0
0
0
0
0
0
0
0
0
0
0
0
0
0
0
0
0
0
0
0
0
0
0
0
0
0
0
0
0
0
0
0
0
0
0
0
0
0
0
0
0
0
0
0
0
0
0
0
0
0
0
0
0
0
0
0
0
0
0
0
0
0
0
0
0
0
0
0
0
0
0
0
0
0
0
0
0
0
0
0
0
0
0
0
0
0
0
0
0
0
0
0
0
0
0
0
0
0
0
0
0
0
0
0
0
0
0
0
0
0
0
0
0
0
0
0
0
0
0
0
0
0
0
0
0
0
0
0
0
0
0
0
0
0
0
0
0
0
0
0
0
0
0
0
0
0
0
0
0
0
0
0
0
0
0
0
0
0
0
0
0
0
0
1
0
4
3
8
28
39
70
90
112
108
107
172
152
158
145
134
153
161
177
167
152
130
152
130
145
160
129
163
144
155
135
142
136
115
143
106
116
139
131
109
129
135
134
118
128
121
109
122
103
119
102
116
128
117
112
120
119
108
102
116
127
94
111
104
111
110
123
114
116
106
103
99
99
101
109
131
117
97
113
105
97
119
98
108
112
100
97
105
95
97
103
100
90
104
101
108
92
113
111
116
94
104
91
93
98
120
87
85
106
102
122
106
101
98
111
112
121
100
85
112
107
93
126
89
77
107
97
104
109
102
118
82
102
99
105
90
91
107
101
103
112
94
95
102
91
96
83
110
85
104
88
107
110
88
101
95
105
85
118
83
83
88
96
89
102
115
83
102
88
92
102
98
103
104
100
94
87
83
83
94
87
96
69
91
97
94
105
94
87
85
85
113
93
88
79
76
101
103
102
90
94
90
91
108
96
106
76
97
91
97
79
86
98
84
89
112
90
86
96
79
83
110
95
105
77
81
90
109
73
93
93
91
97
86
101
106
81
94
85
102
108
87
84
81
101
103
97
88
88
81
92
96
110
84
84
73
95
104
111
94
77
128
94
96
91
90
99
82
83
105
103
113
96
98
90
109
93
104
92
112
103
100
113
96
98
103
110
87
85
103
108
115
120
113
124
103
102
88
100
96
106
102
96
114
110
100
105
114
96
114
108
103
105
82
100
116
94
97
100
98
90
108
98
114
95
105
105
112
100
95
98
114
118
102
106
109
96
101
92
85
105
98
104
94
98
96
103
86
94
90
102
102
85
104
97
86
94
91
77
91
95
89
91
89
106
80
113
95
85
77
95
106
106
95
109
89
81
88
99
70
103
90
88
88
83
91
80
93
87
90
97
93
90
83
90
89
88
77
87
68
83
70
76
88
84
70
78
72
90
82
81
95
80
91
89
78
82
76
94
69
95
90
71
78
91
75
65
89
83
71
78
88
69
99
75
78
72
68
69
60
86
82
79
60
67
88
84
61
65
75
74
82
74
68
70
83
76
75
85
70
56
67
72
75
73
78
71
95
60
67
75
81
69
69
66
72
77
53
77
81
69
75
83
73
56
69
83
71
66
79
87
75
82
77
57
70
64
78
65
72
62
76
65
74
67
75
73
71
57
72
71
55
77
66
68
67
60
72
71
71
81
65
49
69
77
79
88
55
75
43
71
51
70
58
60
56
56
76
59
55
73
77
59
62
69
60
61
60
55
73
69
61
74
65
59
76
47
52
70
62
70
54
67
63
47
62
56
52
66
74
64
73
55
55
60
54
77
55
67
46
66
63
63
54
65
60
61
53
70
64
59
71
54
57
59
58
52
66
68
47
50
59
60
46
53
42
43
53
51
44
68
46
59
46
52
46
47
61
55
41
66
50
46
47
55
64
56
37
58
53
36
58
43
42
51
52
54
54
41
57
63
45
66
44
57
44
53
54
48
39
64
58
51
59
45
52
57
60
50
43
35
49
36
44
52
43
37
44
58
40
45
46
40
50
43
50
34
52
34
42
45
28
52
44
39
48
39
51
44
52
41
39
46
40
43
46
46
29
41
38
46
42
32
47
47
46
40
41
32
52
45
45
58
46
51
47
36
36
39
38
51
50
43
42
41
42
40
47
33
33
48
45
38
45
40
55
46
66
40
39
35
42
42
45
51
38
43
56
45
46
46
44
43
59
45
41
44
47
50
30
35
42
36
30
35
41
48
46
44
41
46
41
38
36
31
49
39
29
43
45
32
55
31
36
31
27
44
45
48
29
34
39
38
32
40
34
45
44
31
27
33
36
33
37
38
38
31
37
44
38
38
43
44
53
35
30
28
39
46
49
35
30
36
34
49
32
30
28
41
44
44
39
36
47
29
36
45
28
50
48
31
38
46
41
42
33
33
41
37
45
47
35
38
42
38
37
28
30
30
33
37
32
37
33
41
28
30
24
36
37
34
30
33
21
34
38
26
38
44
39
31
39
48
33
30
32
38
45
26
26
38
42
31
42
35
32
40
34
28
38
29
47
30
39
41
32
36
32
31
35
27
32
33
26
29
26
39
37
28
33
29
30
25
37
35
30
34
28
31
38
33
30
25
31
31
38
33
34
34
34
38
24
39
29
48
28
34
30
31
33
33
39
38
36
27
38
35
34
26
31
32
32
40
46
43
26
18
36
32
37
32
33
36
32
29
23
36
36
32
32
27
35
30
42
36
37
31
34
28
36
27
30
31
22
27
37
28
43
35
27
30
34
28
36
29
27
35
31
38
29
25
32
27
24
40
31
28
30
32
29
33
36
31
33
25
26
25
20
37
30
27
29
30
35
24
20
29
30
33
30
30
34
35
32
32
40
25
35
21
40
26
34
42
22
26
29
34
29
30
22
32
26
33
32
34
33
32
39
20
26
26
33
25
29
26
31
30
25
34
27
32
29
29
37
24
27
32
28
38
28
34
40
30
32
27
25
34
32
36
37
38
33
42
25
40
26
47
33
35
32
27
35
28
40
35
33
25
38
29
29
27
28
41
29
39
27
27
26
33
30
29
25
33
33
28
37
24
25
27
30
20
34
32
25
29
33
30
44
27
30
32
39
31
27
36
37
24
33
28
33
31
45
33
31
41
35
35
42
29
29
22
28
32
33
21
24
27
32
32
27
34
29
30
24
27
25
32
29
31
32
34
29
32
36
22
20
27
30
30
35
30
27
28
34
29
34
38
22
33
28
32
33
34
33
20
26
41
35
39
31
31
39
39
35
34
39
28
38
27
30
31
36
32
24
40
35
31
31
31
34
37
29
36
27
29
29
24
25
24
37
29
38
23
27
37
29
29
28
28
24
33
19
31
37
28
27
24
30
37
39
40
31
33
28
35
34
32
21
23
34
32
32
25
30
29
27
35
29
29
36
25
26
24
26
33
27
37
26
26
28
23
35
32
27
26
17
23
26
24
30
20
27
41
27
30
25
26
29
16
24
29
24
36
30
22
31
41
32
32
31
38
22
28
34
24
21
25
25
25
21
23
37
21
22
30
16
28
24
25
30
28
35
29
20
26
28
26
20
24
32
20
28
11
28
24
25
21
32
31
27
21
30
22
30
21
26
18
34
26
23
16
26
18
18
16
27
20
25
18
23
18
24
16
19
19
25
29
21
26
18
23
18
18
17
16
24
23
17
16
22
20
28
22
21
22
26
27
37
22
15
24
20
20
17
16
19
22
19
25
21
19
23
14
23
19
9
16
18
17
14
18
25
15
15
15
7
12
15
21
13
16
26
19
19
15
14
17
13
17
11
9
16
15
19
12
9
11
14
18
23
15
9
15
12
10
13
10
14
15
13
14
15
9
10
13
14
14
11
16
16
14
10
13
18
13
7
12
14
16
11
18
7
13
8
15
10
19
9
18
8
9
6
16
13
7
10
14
14
3
9
10
15
9
12
10
5
8
14
8
15
11
12
8
7
12
10
7
5
7
6
6
10
8
11
7
12
12
7
14
7
8
11
12
8
6
3
7
8
10
7
8
9
4
7
13
14
12
5
5
7
8
7
3
10
7
13
9
9
9
11
10
10
4
5
6
7
6
8
8
9
8
13
11
10
6
8
3
4
4
7
6
5
7
10
6
7
8
11
7
10
6
5
9
11
4
5
11
5
4
5
3
16
5
5
10
4
7
7
7
5
6
11
10
10
4
2
3
9
8
6
12
10
5
4
6
8
9
5
2
5
8
5
6
3
2
4
12
3
5
4
7
6
7
4
4
7
2
4
12
12
9
4
11
8
4
6
3
4
9
5
4
6
5
6
5
6
6
5
6
4
5
0
6
5
5
4
5
6
4
6
8
6
7
2
1
4
2
4
8
10
8
6
4
6
5
4
3
3
7
7
4
6
7
2
7
6
8
3
6
3
5
10
4
2
4
4
4
4
7
4
1
3
2
4
3
9
6
3
1
5
6
4
2
9
3
5
7
6
3
4
5
3
7
2
2
9
5
7
3
7
3
4
2
7
3
5
3
4
7
7
5
4
1
6
8
2
3
2
6
1
8
3
7
4
6
4
3
0
3
1
1
3
5
2
4
3
4
2
2
2
6
2
6
2
6
7
4
1
6
3
1
4
3
1
7
4
2
2
4
4
2
4
2
5
2
3
7
3
3
8
5
4
3
6
0
3
3
7
6
4
4
1
2
3
4
6
7
1
4
4
6
4
4
5
4
3
6
3
7
5
2
5
5
7
6
5
3
1
3
3
5
3
2
5
3
2
3
4
4
6
2
2
3
3
1
1
4
7
4
8
1
9
3
0
2
3
1
2
4
4
2
5
2
5
4
3
4
3
3
3
9
10
3
1
6
2
3
2
4
5
2
3
7
4
4
2
7
4
5
4
6
5
3
5
3
3
4
5
7
6
5
5
3
3
3
3
9
5
3
5
7
3
2
7
1
3
2
1
3
4
4
9
7
6
5
4
4
1
2
9
5
5
4
7
4
3
6
4
6
3
9
8
5
7
3
4
7
3
4
8
3
1
7
6
11
8
12
7
9
5
9
3
7
6
7
6
10
7
7
7
9
7
7
9
8
6
8
6
5
9
9
9
7
9
10
6
11
14
9
12
16
12
9
13
15
13
10
9
7
15
18
15
9
19
12
21
12
14
21
18
14
15
11
29
16
25
12
26
14
19
18
16
26
19
20
23
23
18
23
17
20
30
17
18
34
27
27
28
14
27
27
36
25
29
27
32
42
23
25
28
39
19
40
29
47
32
41
33
41
40
32
52
40
44
45
39
41
30
33
46
46
39
43
41
47
50
51
48
44
39
47
42
44
52
33
53
48
56
46
44
61
52
49
57
71
56
52
56
57
47
61
65
71
54
65
72
54
58
66
55
59
59
63
67
75
75
63
85
63
74
65
54
74
73
75
64
62
65
75
71
61
65
75
88
61
58
69
67
72
69
74
73
77
76
86
64
67
91
71
68
79
89
79
74
78
92
70
67
59
65
70
59
62
75
62
74
80
76
72
85
58
65
66
88
69
67
66
68
74
70
66
75
75
70
57
64
67
81
77
68
69
67
65
67
65
70
71
77
59
57
52
76
59
51
61
56
80
60
58
66
62
51
52
67
48
51
54
53
58
49
48
58
54
50
43
48
46
48
55
50
55
43
37
42
52
48
47
36
39
36
42
50
45
43
39
39
41
43
35
48
34
32
38
33
31
29
38
23
28
22
27
28
22
25
21
28
28
24
35
24
32
30
18
21
18
27
25
14
21
19
29
16
21
19
20
16
26
16
29
19
11
14
18
17
16
17
14
14
11
13
18
14
9
17
11
15
9
10
7
11
12
6
6
11
10
4
7
13
5
10
5
7
8
12
7
5
4
9
9
4
5
4
6
4
4
9
3
8
5
6
6
4
3
4
8
5
5
4
5
3
5
4
5
3
3
1
2
2
3
0
4
3
2
2
1
0
2
5
3
5
2
2
4
3
1
1
1
2
3
1
2
1
8
2
0
1
1
1
2
4
0
0
3
4
1
3
0
1
0
0
1
2
1
3
2
3
0
2
0
0
0
0
1
1
2
1
2
0
1
0
0
1
0
0
2
2
1
1
1
2
2
2
1
3
1
1
1
1
0
0
1
2
0
1
0
1
1
0
1
3
1
2
1
2
1
1
0
0
0
2
0
0
1
0
2
0
2
1
0
0
3
0
0
1
2
0
0
0
1
1
1
0
1
0
1
0
0
0
0
1
0
1
1
0
0
0
2
1
0
4
0
2
1
1
0
0
0
1
3
1
2
1
0
0
1
0
0
0
0
1
0
0
1
0
0
0
0
1
2
0
0
0
0
0
0
1
0
1
0
1
0
1
0
0
0
0
0
0
0
0
2
0
1
1
0
1
2
0
0
0
0
0
0
0
0
1
0
0
0
1
0
0
0
0
0
0
0
1
0
0
0
0
0
0
0
0
0
0
0
1
0
0
0
1
0
1
0
0
0
2
0
0
2
0
0
0
0
1
0
0
1
1
1
0
0
1
1
0
0
1
0
0
0
0
0
0
0
0
0
1
0
0
0
0
1
1
0
0
0
0
0
0
0
0
1
0
0
2
0
1
0
0
0
0
0
1
0
0
0
0
0
1
1
1
0
0
0
0
0
0
0
0
1
0
1
0
0
2
0
0
0
1
0
1
1
1
1
0
0
1
0
0
0
0
0
1
0
0
0
0
1
0
1
0
0
0
0
2
0
0
0
0
0
0
0
1
0
0
1
1
0
1
0
0
1
0
0
0
0
0
0
0
0
1
0
0
0
0
0
0
1
0
1
0
0
0
0
0
1
1
0
0
1
0
0
0
0
0
0
0
1
0
0
0
0
0
1
0
1
0
0
1
1
0
1
0
0
1
1
1
0
0
0
0
0
0
0
0
0
0
0
0
0
0
0
0
0
0
0
0
0
0
0
0
0
0
1
0
0
0
0
1
0
1
0
1
0
1
1
0
0
1
1
0
0
0
0
1
0
0
0
1
0
0
0
0
0
0
0
1
2
0
0
1
1
0
0
0
0
0
0
0
0
0
1
0
0
0
0
0
1
0
0
0
1
1
0
0
0
0
0
0
0
0
0
0
0
1
0
1
0
0
0
0
0
0
0
0
0
0
0
0
0
0
0
0
0
0
0
0
0
0
1
0
1
0
0
0
0
1
2
0
0
1
0
1
0
0
0
0
1
0
1
1
0
0
0
1
0
0
0
1
0
0
2
0
0
0
0
0
0
0
0
0
0
0
0
0
0
0
0
0
1
0
0
0
0
0
0
0
0
0
0
0
0
0
0
1
0
1
0
0
0
0
0
0
1
1
0
0
0
1
0
0
1
2
0
0
0
0
0
0
0
0
0
0
0
0
0
0
0
1
0
0
0
0
0
0
1
0
0
0
1
0
0
1
0
1
1
0
1
1
0
0
0
0
0
0
0
0
0
0
0
0
0
0
0
0
0
0
0
0
0
1
0
0
0
1
0
1
0
0
2
1
1
0
0
0
0
0
0
0
0
0
0
0
0
0
0
0
0
0
0
0
0
0
0
0
0
0
0
0
0
0
0
0
0
0
1
0
0
0
1
0
0
0
1
0
0
0
1
0
0
0
0
0
0
0
0
0
1
0
0
0
0
0
0
1
0
1
0
1
0
0
0
0
1
0
0
0
0
0
0
1
0
0
0
0
1
1
0
0
0
0
0
0
0
0
1
0
0
0
0
0
0
0
0
0
0
0
0
1
1
0
0
0
0
0
0
0
0
0
0
0
0
0
0
0
1
0
0
0
1
0
1
2
0
0
0
0
0
0
1
0
0
0
0
0
0
0
0
0
0
0
0
0
0
0
0
1
0
0
0
1
0
0
0
0
0
0
0
0
1
0
0
0
0
0
0
1
1
1
0
0
0
0
0
1
0
0
0
0
0
2
0
0
0
0
0
1
0
0
0
0
0
0
0
0
0
0
1
1
0
0
0
0
0
0
0
0
0
0
1
0
0
0
0
0
0
0
0
0
0
0
0
1
0
1
0
0
0
0
0
0
1
0
0
0
0
0
0
0
0
1
1
0
0
0
0
0
0
0
0
0
0
1
0
1
0
0
0
1
0
0
0
0
0
1
0
0
1
0
0
1
0
0
0
1
0
0
0
0
0
0
1
0
0
0
0
0
0
0
0
0
1
0
0
0
0
0
0
0
0
0
0
0
0
0
0
0
0
0
0
0
0
0
0
0
0
0
0
0
0
0
0
0
0
0
0
1
0
0
0
0
0
0
2
0
0
0
0
1
0
1
0
0
0
0
1
0
0
0
0
0
0
0
0
0
0
0
0
0
0
0
0
0
1
1
1
0
0
0
0
0
0
0
0
0
0
0
0
0
0
0
0
0
0
0
1
0
0
0
1
1
0
0
0
0
0
0
0
0
0
0
1
0
0
0
0
0
0
0
0
0
0
0
0
0
0
0
0
0
0
0
0
0
0
1
0
0
0
0
0
1
0
0
1
0
0
0
0
0
0
0
0
0
0
0
0
0
0
0
0
0
1
0
0
1
0
0
0
0
0
0
0
0
0
1
0
0
0
0
0
0
0
1
0
0
0
0
0
0
0
0
0
1
0
0
0
0
0
0
0
0
0
0
0
0
0
0
0
0
0
0
0
0
0
0
0
0
1
0
0
2
0
1
0
0
0
0
0
0
0
0
0
1
1
0
1
0
0
0
0
0
0
0
0
1
0
1
0
1
0
0
0
0
0
0
0
1
0
0
0
0
0
0
0
0
0
0
0
1
0
0
0
0
0
1
0
0
0
0
0
0
0
0
0
0
0
0
0
0
0
1
0
0
0
1
0
0
0
0
0
0
0
0
0
0
0
0
0
0
0
0
0
0
0
1
0
0
0
0
0
0
0
0
0
0
1
0
0
0
0
0
0
0
0
0
0
0
0
0
0
0
0
0
0
0
0
0
0
0
1
0
0
0
0
0
0
0
0
0
0
0
0
0
0
1
1
0
0
0
0
0
0
0
0
0
0
0
0
0
0
0
0
0
0
0
0
0
0
0
0
0
1
1
0
0
0
0
0
0
0
0
0
0
0
0
0
1
0
0
0
0
0
0
0
0
0
0
0
0
0
0
0
0
0
0
1
0
1
0
0
0
0
0
0
0
0
0
0
0
0
0
0
0
0
0
2
0
0
0
0
0
0
0
0
1
0
0
0
1
1
0
0
0
0
0
0
0
0
0
0
0
0
0
0
0
0
0
0
0
0
0
0
0
0
0
0
0
0
0
0
0
0
0
0
0
0
0
0
0
0
0
1
0
0
0
0
0
0
0
0
0
0
0
0
0
0
0
0
0
0
0
0
0
0
0
0
0
1
0
0
0
0
0
0
0
2
0
0
0
0
0
0
0
0
1
0
0
0
0
0
0
0
0
0
0
0
0
0
0
0
0
0
0
0
1
0
1
0
0
0
0
0
0
0
0
1
0
0
0
0
0
0
0
0
0
0
1
0
0
0
0
0
0
0
0
0
0
0
1
0
0
0
0
0
0
0
0
0
0
0
0
0
0
0
1
1
1
0
1
0
0
0
1
0
0
0
0
0
0
0
0
0
0
0
0
0
0
0
0
0
0
0
0
0
0
0
0
0
0
0
0
1
0
0
0
0
0
1
0
1
0
1
0
0
1
0
0
0
0
0
0
0
0
0
0
0
0
0
0
0
0
0
0
0
0
0
1
0
1
0
0
0
0
0
0
0
0
0
0
0
0
0
0
0
0
0
0
2
1
0
0
1
0
0
0
0
0
0
0
0
0
0
0
0
1
1
0
0
0
0
0
0
0
0
0
0
0
0
0
0
0
0
0
1
0
0
0
0
0
1
0
0
0
0
0
0
0
0
0
0
0
0
0
2
1
0
0
0
1
0
0
0
0
0
0
0
0
0
0
0
0
0
0
0
0
0
0
0
0
0
0
0
0
0
0
0
0
0
0
0
0
0
1
0
0
0
0
0
0
0
0
0
1
1
0
0
0
0
0
0
0
0
0
0
0
0
0
0
0
0
0
0
0
0
1
1
0
0
0
1
0
0
0
0
1
0
0
0
0
0
0
0
0
0
0
0
0
1
0
0
0
0
0
0
0
0
0
0
0
0
0
0
0
1
0
0
0
1
0
0
0
0
1
0
0
0
1
0
0
0
0
1
1
0
0
1
1
0
0
0
0
0
0
0
0
1
0
0
0
0
0
0
0
0
0
0
0
1
0
0
0
0
0
0
0
0
0
0
0
0
0
0
0
0
0
0
0
0
1
0
0
0
1
0
0
0
0
0
0
0
0
0
0
0
0
0
0
0
0
1
0
0
0
0
1
0
0
0
0
0
0
0
0
0
0
0
0
0
0
0
1
0
0
0
0
0
0
0
0
0
0
0
0
0
0
0
0
1
0
0
0
0
0
0
0
0
0
0
0
0
0
0
0
0
0
0
0
0
0
0
0
0
0
0
0
0
0
0
0
0
0
0
0
0
1
0
0
0
0
0
0
0
0
1
0
0
0
0
0
0
0
0
0
0
0
0
0
0
0
0
0
0
0
0
1
0
0
0
0
0
0
1
0
0
0
0
0
0
0
0
0
0
0
0
0
0
0
0
0
0
1
0
0
0
0
0
0
0
0
0
0
0
0
0
0
0
0
0
0
0
0
0
0
0
0
0
0
1
0
0
0
0
0
0
0
0
0
0
0
0
0
0
0
0
0
0
0
0
0
0
0
1
0
0
0
0
0
0
0
0
0
0
0
0
0
0
0
0
0
0
0
0
0
0
0
0
0
0
0
0
0
0
0
1
0
0
0
0
0
0
0
0
0
0
0
0
0
0
0
0
0
0
0
0
0
0
1
0
0
0
0
1
0
0
0
0
0
0
0
0
0
0
0
0
0
0
0
0
0
0
0
0
0
0
0
0
0
0
0
0
0
0
0
0
0
0
0
0
0
0
0
0
0
0
0
0
0
0
0
0
0
0
0
0
0
0
0
0
0
0
0
0
1
0
1
0
0
0
0
0
0
0
0
0
0
0
0
0
0
0
0
0
0
0
0
0
0
0
0
0
0
0
0
0
0
0
0
0
0
0
0
0
0
0
0
0
0
0
0
0
0
0
0
0
1
0
0
0
0
0
0
0
0
0
1
0
0
0
0
0
0
0
0
0
0
0
0
0
1
1
0
0
1
0
0
0
0
0
0
0
0
0
0
0
0
0
0
0
0
0
0
0
0
0
0
1
0
0
0
0
0
0
0
0
0
0
0
0
0
0
1
0
0
0
0
0
0
0
0
0
1
0
0
0
0
0
0
0
0
0
0
0
0
0
0
0
0
0
0
0
0
0
0
0
0
0
0
0
0
0
0
0
0
0
0
0
0
0
0
0
0
0
0
0
0
0
0
0
0
0
0
0
0
0
1
0
0
0
0
0
0
0
0
0
0
0
0
1
0
0
0
0
0
0
0
0
0
0
0
0
0
0
0
0
0
0
0
0
0
1
0
0
0
0
0
0
0
0
0
0
0
0
0
0
0
0
0
0
0
0
0
0
0
0
0
0
0
0
0
0
0
0
0
0
0
0
0
0
0
0
0
0
0
0
0
0
0
0
0
0
0
0
0
0
0
0
0
0
0
0
0
0
0
0
0
0
0
0
0
0
0
0
0
0
0
0
0
0
0
0
0
0
0
0
0
0
0
0
0
0
0
0
0
0
0
0
0
0
0
0
0
0
0
0
0
0
0
0
0
0
0
0
0
0
0
0
0
0
0
0
1
1
0
0
0
0
0
0
0
0
0
0
1
0
0
0
0
0
0
0
0
0
0
0
0
0
0
0
0
0
0
0
0
0
0
0
0
0
0
0
0
0
0
0
0
0
0
0
0
0
1
0
0
0
0
0
0
0
0
0
0
0
0
0
0
0
0
0
0
0
0
0
0
0
0
0
0
0
0
0
0
0
0
0
0
0
0
0
0
0
1
0
0
0
0
0
0
0
0
0
0
0
0
0
0
0
0
0
0
0
0
0
0
0
0
0
0
0
0
0
0
0
0
0
0
0
0
1
0
0
1
0
0
0
0
0
0
0
0
0
0
0
0
0
0
0
0
0
0
0
0
0
0
0
0
0
0
0
0
0
0
0
1
0
1
0
0
0
1
0
0
0
0
0
0
0
0
0
0
0
0
0
0
0
0
0
1
0
0
0
0
0
0
1
0
0
0
0
0
0
0
0
0
0
0
0
0
0
0
0
0
0
0
1
0
0
0
0
0
0
0
0
0
0
0
1
0
0
0
0
0
1
0
0
0
0
0
0
0
0
0
0
1
0
0
0
0
0
0
0
0
0
0
1
1
0
0
0
0
0
0
0
0
0
0
0
0
0
0
0
0
0
0
0
0
0
0
0
0
0
0
0
0
0
1
0
2
0
0
0
1
0
1
0
0
0
0
0
0
0
0
0
0
1
0
0
0
1
0
0
1
0
0
0
0
1
0
0
0
0
0
0
0
0
0
0
1
0
0
0
0
0
1
0
0
0
0
0
0
0
0
0
0
0
0
0
0
0
0
0
0
0
0
0
1
0
0
0
0
0
0
0
0
0
0
0
0
1
0
0
0
0
0
2
1
0
1
0
0
0
0
0
0
0
0
0
0
0
0
0
0
0
1
0
0
0
0
0
0
0
0
0
0
0
0
0
0
0
0
0
0
0
0
0
1
0
0
0
0
1
0
1
0
0
0
0
0
0
0
0
1
0
0
0
0
0
0
0
0
0
0
0
1
0
0
0
0
0
0
0
0
0
0
0
0
0
0
0
1
0
0
1
0
0
1
0
0
1
0
0
0
0
0
0
0
0
0
0
0
0
0
0
1
0
0
0
0
0
0
0
0
0
0
0
0
0
2
0
0
0
0
0
0
0
0
0
1
0
0
0
0
0
0
0
1
0
0
0
0
0
0
0
0
0
1
0
0
0
0
0
0
0
0
0
0
0
0
0
0
0
0
0
0
1
0
0
0
0
0
0
0
0
0
0
0
0
0
0
0
0
0
0
0
1
0
0
0
1
0
0
0
0
0
0
0
0
0
0
0
0
0
0
0
0
0
1
0
0
0
0
1
0
0
0
0
0
0
0
0
0
0
0
1
0
0
2
0
0
0
0
0
0
0
0
0
0
0
0
0
0
0
1
1
0
0
0
0
0
0
0
0
0
0
0
0
0
0
0
0
0
0
0
0
0
0
0
0
0
0
0
0
0
0
0
0
0
0
0
0
0
0
0
0
0
0
0
0
0
0
0
0
0
0
0
0
0
1
0
0
0
0
0
0
0
0
0
0
0
0
0
0
0
0
0
0
0
0
0
0
0
0
0
0
0
0
0
0
0
0
0
0
0
0
0
0
0
0
0
0
0
0
0
0
0
1
0
0
0
0
0
0
0
0
0
0
0
0
0
0
0
0
0
0
0
0
0
0
0
0
0
1
0
0
0
0
0
0
0
0
0
0
0
0
0
0
0
0
0
0
0
0
0
0
0
0
0
0
0
0
0
0
0
0
0
0
0
0
0
0
0
0
0
0
0
0
0
0
0
0
0
0
0
0
0
0
0
0
0
0
0
0
0
0
0
0
0
1
0
0
0
0
0
0
0
0
0
0
0
0
0
0
0
0
0
0
0
0
0
0
0
0
0
0
0
0
0
0
0
0
0
0
0
0
0
0
0
0
0
0
0
0
0
0
0
0
0
0
0
0
0
0
0
0
0
0
0
0
0
0
0
0
0
0
0
0
0
0
0
0
0
0
0
0
0
0
0
0
0
0
0
0
0
0
0
0
0
0
0
0
0
0
0
0
0
0
0
1
0
0
0
0
0
0
0
0
0
0
0
0
0
0
0
0
0
0
0
0
0
0
0
1
0
0
0
0
0
0
0
0
0
0
0
0
0
0
0
0
0
0
0
0
0
0
0
0
0
0
0
0
0
0
0
0
0
1
0
0
0
1
0
0
0
0
0
0
0
0
0
0
0
0
0
0
0
0
0
0
0
0
0
0
0
0
0
0
0
0
0
0
0
0
0
0
0
0
0
0
0
0
0
0
1
0
0
0
0
0
0
0
0
0
0
0
0
0
0
0
0
0
0
0
0
0
0
0
0
0
0
0
0
0
0
0
1
0
0
0
0
0
0
0
0
0
0
0
0
0
0
0
0
0
0
0
0
0
0
0
0
0
0
0
0
0
0
0
0
0
0
0
0
0
0
0
0
0
0
0
0
0
0
0
0
0
0
0
0
1
0
0
0
0
0
0
0
0
0
0
0
0
0
0
0
0
0
0
0
0
0
0
0
0
0
0
0
0
0
0
0
1
0
0
0
0
0
0
0
0
0
0
0
0
0
0
0
0
0
0
0
0
0
0
0
0
0
0
0
0
0
0
0
0
0
0
0
0
0
0
0
0
0
0
0
0
0
0
0
0
0
0
0
0
0
0
0
0
0
0
0
0
0
0
0
0
0
0
0
0
0
0
1
0
0
0
0
0
0
0
0
0
0
0
0
0
0
0
0
0
0
0
0
0
0
0
0
0
0
0
0
0
0
0
0
0
0
1
0
0
0
0
0
0
0
0
0
0
0
0
0
0
0
0
0
0
0
0
0
0
0
0
0
0
0
0
0
0
0
0
1
0
0
0
0
0
0
0
0
0
0
0
0
0
0
0
0
0
0
0
0
0
0
0
0
0
0
1
0
0
0
0
0
0
0
0
0
1
0
0
0
0
0
0
0
0
0
0
1
0
0
0
0
0
0
0
0
0
0
0
0
0
0
0
0
0
0
0
0
0
0
0
0
0
0
0
0
0
0
0
0
0
0
0
0
0
0
0
0
0
1
0
0
0
0
0
0
0
0
0
0
0
0
0
0
0
0
0
0
0
0
0
0
0
0
0
0
0
0
0
0
0
0
0
0
0
0
0
0
0
0
0
0
0
0
0
0
0
0
0
0
0
0
0
0
0
0
0
0
0
0
0
0
0
0
0
0
0
0
0
0
0
0
0
0
0
0
0
0
0
0
0
0
0
0
0
0
0
0
0
0
0
1
0
0
0
0
0
0
0
0
0
0
0
0
0
0
0
0
0
0
0
0
0
1
0
0
0
0
0
0
0
0
0
0
0
0
0
0
0
0
0
0
0
0
0
0
0
0
0
0
0
0
0
0
0
0
0
0
0
0
0
0
0
0
0
0
0
0
0
0
0
0
0
0
0
0
0
0
0
0
0
0
0
0
0
0
0
0
0
1
0
0
0
0
0
0
0
0
0
0
0
1
0
0
0
0
0
0
0
0
0
0
0
0
0
0
0
1
0
0
0
0
0
0
0
0
0
0
0
0
0
0
0
0
0
0
0
0
0
0
0
0
0
0
0
0
0
0
0
0
0
0
0
0
0
0
0
0
0
0
0
0
0
0
0
0
0
0
0
0
0
0
0
0
0
0
0
0
0
0
0
0
0
0
0
0
0
0
1
0
0
0
0
0
0
0
0
0
0
0
0
0
0
0
0
0
0
0
0
0
0
0
0
0
0
0
0
0
0
0
0
0
0
0
0
0
0
0
0
0
0
0
0
0
0
0
0
0
0
0
0
0
0
0
0
0
0
0
0
0
0
0
0
0
0
0
0
0
0
0
0
0
0
0
0
0
0
0
0
0
0
0
0
0
0
0
0
0
0
0
1
0
0
0
0
0
0
0
0
0
0
0
0
0
0
0
0
0
0
0
0
0
0
0
0
0
0
0
0
0
0
0
0
0
0
0
0
0
0
0
0
0
0
0
0
0
0
0
0
0
0
0
0
0
0
0
0
0
1
0
0
0
0
0
0
0
0
0
0
0
0
0
0
0
0
0
0
0
0
0
0
0
0
0
0
0
0
0
0
0
0
0
0
0
0
0
1
0
0
0
0
0
1
0
0
0
0
0
1
0
0
0
0
0
0
0
0
0
0
0
0
0
0
0
0
0
0
0
0
0
0
0
0
0
0
0
0
0
0
0
0
0
0
0
0
0
0
0
0
0
0
0
0
0
0
0
0
0
0
0
0
0
0
0
0
0
0
0
0
0
0
0
0
0
0
0
0
0
0
0
0
0
0
0
0
0
0
0
0
0
0
0
0
0
0
0
0
0
0
0
0
0
0
0
0
0
0
0
0
0
0
0
0
0
0
0
0
0
0
0
0
0
0
0
0
0
0
0
0
0
0
0
0
0
0
0
0
0
0
0
0
0
0
0
0
0
0
0
0
1
0
0
0
0
0
0
0
0
0
0
0
0
0
0
0
0
0
0
0
0
0
0
0
0
0
0
0
0
0
0
0
0
0
0
0
0
0
0
0
0
0
0
0
0
0
0
0
0
0
0
0
0
0
0
0
0
0
0
0
0
0
0
0
0
0
1
0
0
0
0
0
1
0
0
0
0
0
0
0
0
0
0
0
0
0
0
0
0
0
0
0
0
0
0
0
0
0
0
0
0
0
0
0
0
0
0
0
1
0
0
0
0
0
0
0
0
0
0
0
0
0
0
0
0
0
0
0
0
0
0
0
0
0
0
0
0
0
0
0
0
0
0
0
0
0
0
0
0
0
0
0
0
0
0
0
0
0
0
0
0
0
0
0
0
0
0
0
0
0
0
0
0
0
0
0
0
0
0
0
0
0
0
0
0
0
0
0
0
0
0
0
0
0
0
0
0
1
0
0
0
0
0
0
0
0
0
0
0
0
0
0
0
0
0
0
0
0
0
0
0
1
0
0
0
0
0
0
0
0
0
0
0
0
0
0
0
0
0
0
0
0
0
0
0
0
0
0
0
0
0
0
0
0
0
0
0
0
0
0
0
0
0
0
0
0
0
0
0
0
0
0
0
0
0
0
0
0
0
0
0
0
0
0
0
0
0
0
0
0
0
0
0
0
0
0
0
0
0
0
0
0
0
0
0
0
0
0
0
0
0
0
0
0
0
0
0
0
0
0
0
0
0
0
0
0
0
0
0
0
0
0
0
0
0
0
0
0
0
0
0
0
0
0
0
0
0
0
0
0
0
0
0
0
0
0
0
0
0
0
0
0
0
0
0
0
0
0
0
0
0
0
0
0
0
0
0
0
0
0
0
0
0
0
0
0
0
0
0
0
0
0
0
0
0
0
0
0
0
0
0
0
0
0
0
0
0
0
0
0
0
0
0
0
0
0
0
0
0
0
0
0
0
0
0
0
0
0
0
0
0
0
0
0
0
0
0
0
0
0
1
0
0
0
0
0
0
0
0
0
0
0
0
0
0
0
0
0
0
0
0
0
0
0
0
0
0
0
0
0
0
0
0
0
0
0
0
0
0
0
0
0
0
0
0
0
0
0
0
0
0
0
0
0
0
0
0
0
0
0
0
0
0
0
0
0
0
0
0
0
0
0
0
0
0
0
0
0
0
0
0
0
1
0
0
0
0
0
0
0
0
0
0
0
0
0
0
0
1
0
0
0
0
0
0
0
0
0
0
0
0
0
0
0
0
0
0
0
0
0
0
0
0
0
0
0
0
0
0
0
0
0
0
0
0
0
0
0
0
0
0
0
0
0
0
0
0
0
0
0
0
0
0
0
0
0
0
0
0
0
0
0
0
0
0
0
0
0
0
0
0
0
0
0
0
0
0
0
0
0
0
1
0
0
0
0
0
0
0
0
0
0
0
0
0
0
1
0
0
0
0
0
0
0
0
0
0
0
0
0
0
0
0
0
0
0
0
0
0
0
0
0
0
0
0
0
0
0
0
0
0
0
0
0
0
0
0
0
0
0
0
0
0
0
0
0
0
0
0
0
0
0
0
0
0
0
0
0
0
0
0
0
0
0
0
<<END>>
<<HARDWARE SETUP>>
FIRSTPEAK - 1
PROTECTTIMEENABLE - 0
PILEUPLOSSCORRECTION - 0
PILEUPREJECTION - 0
PEAKINGTIME - 42.333333
<<END>>