<<PMCA SPECTRUM>>
TAG - Test
DESCRIPTION - ATOMKI MCA Record
GAIN - 5
THRESHOLD - 512
LIVE_MODE - 0
PRESET_TIME - 999999
LIVE_TIME - 5891
REAL_TIME - 5893
START_TIME - 02/21/2025 16:01:13
SERIAL_NUMBER - 0
<<DATA>>
0
0
0
0
0
0
0
0
0
0
0
0
0
0
0
0
0
0
0
0
0
0
0
0
0
0
0
0
0
0
0
0
0
0
0
0
0
0
0
0
0
0
0
0
0
0
0
0
0
0
0
0
0
0
0
0
0
0
0
0
0
0
0
0
0
0
0
0
0
0
0
0
0
0
0
0
0
0
0
0
0
0
0
0
0
0
0
0
0
0
0
0
0
0
0
0
0
0
0
0
0
0
0
0
0
0
0
0
0
0
0
0
0
0
0
0
0
0
0
0
0
0
0
0
0
0
0
0
0
0
0
0
0
0
0
0
0
0
0
0
0
0
0
0
0
0
0
0
0
0
0
0
0
0
0
0
0
0
0
0
0
0
0
0
0
0
0
0
0
0
0
0
0
0
0
0
0
0
0
0
0
0
0
0
0
0
0
0
0
0
0
0
0
0
0
0
0
0
0
0
0
0
0
0
0
0
0
0
0
0
0
0
0
0
0
0
0
0
0
0
0
0
0
0
0
0
0
0
0
0
0
0
0
0
0
0
0
0
0
0
0
0
0
0
0
0
0
0
0
0
0
0
0
0
0
0
0
0
0
0
0
0
0
0
0
0
0
0
0
0
0
0
0
0
0
0
0
0
0
0
0
0
0
0
0
0
0
0
0
0
0
0
0
0
0
0
0
0
0
0
0
0
0
0
0
0
0
0
0
0
0
0
0
0
0
0
0
0
0
0
0
0
0
0
0
0
0
0
0
0
0
0
0
0
0
0
0
0
0
0
0
0
0
0
0
0
0
0
0
0
0
0
0
0
0
0
0
0
0
0
0
0
0
0
0
0
0
0
0
0
0
0
0
0
0
0
0
0
0
0
0
0
0
0
0
0
0
0
0
0
0
0
0
0
0
0
0
0
0
0
0
0
0
0
0
0
0
0
0
0
0
0
0
0
0
0
0
0
0
0
0
0
0
0
0
0
0
0
0
0
0
0
0
0
0
0
0
0
0
0
0
0
0
0
0
0
0
0
0
0
0
0
0
0
0
0
0
0
0
0
0
0
0
0
0
0
0
0
0
0
0
0
0
0
0
0
0
0
0
0
0
0
0
0
0
0
0
0
0
0
0
0
0
0
0
0
2
2
6
20
17
29
44
59
80
101
104
136
130
173
155
163
161
181
181
167
159
158
164
165
202
169
176
185
169
187
156
166
179
167
191
157
162
160
181
192
145
169
147
168
140
159
137
159
140
160
148
145
130
137
134
133
151
163
152
145
149
141
142
135
139
144
129
144
128
123
137
133
141
142
144
145
143
123
147
145
123
125
138
136
127
127
151
148
142
128
114
139
136
133
129
121
147
123
129
136
127
110
124
107
116
127
131
118
131
123
111
104
108
121
105
129
142
117
130
107
113
108
109
116
119
110
104
116
95
104
115
91
101
88
105
105
103
118
123
93
99
112
110
104
107
108
106
121
92
99
101
91
100
81
100
103
94
104
89
111
97
90
92
105
93
108
66
104
97
101
82
87
98
108
84
98
90
96
84
67
91
86
72
105
91
83
93
91
96
86
101
103
79
91
93
104
85
81
105
95
93
96
79
76
88
77
76
82
73
95
68
95
86
75
85
95
83
93
77
90
84
71
83
82
81
68
71
73
75
79
66
86
70
77
71
64
92
78
81
71
76
83
88
74
73
69
75
73
81
67
63
71
81
67
87
69
74
67
66
79
56
65
68
57
72
59
53
57
68
63
66
66
72
67
71
60
63
79
61
73
65
57
50
67
75
80
61
64
60
69
51
58
70
67
67
55
70
48
57
56
55
56
58
62
55
63
62
61
60
63
68
42
59
70
58
64
61
60
49
48
49
67
63
53
59
63
61
52
53
50
59
59
57
44
46
48
56
60
52
56
52
42
66
42
61
57
51
47
58
53
59
54
67
48
48
67
50
51
41
59
52
52
62
51
51
55
52
47
48
37
49
43
38
54
50
44
60
42
40
39
46
47
41
56
42
37
40
45
46
48
54
36
58
44
42
49
50
57
38
57
43
47
33
48
50
33
35
57
41
60
52
47
51
39
34
42
39
40
47
40
47
42
46
41
43
46
36
39
38
43
37
32
36
36
30
32
33
45
41
39
39
40
50
45
48
48
42
37
36
27
39
31
36
52
38
47
43
52
48
42
39
57
40
40
44
40
41
41
34
37
41
42
52
40
40
42
44
38
35
43
30
31
36
36
39
33
24
38
42
34
49
40
39
31
32
40
39
41
31
25
45
39
29
35
33
26
37
34
25
32
22
36
30
33
43
28
33
31
32
30
27
30
40
25
27
30
35
30
24
34
31
22
30
19
21
29
35
21
35
25
33
26
27
29
23
18
19
28
28
27
23
29
35
24
30
19
33
31
25
22
29
26
21
27
24
21
17
28
25
22
19
15
25
18
13
23
26
19
25
36
25
26
22
23
20
19
17
20
22
19
26
29
25
22
28
25
15
15
22
21
27
33
18
16
19
16
16
16
22
25
29
16
18
23
17
25
17
11
25
25
18
19
13
12
26
26
16
15
20
18
25
19
18
19
24
15
18
27
18
19
27
21
16
25
18
19
22
13
16
29
26
22
28
12
18
21
15
21
27
25
21
20
16
19
13
13
18
21
19
20
13
21
22
19
24
20
21
18
11
26
12
18
23
15
20
15
23
20
18
26
13
24
13
16
15
21
17
10
14
13
18
17
17
9
8
22
23
10
17
17
22
14
10
11
20
12
10
10
18
14
14
16
9
15
25
17
16
12
14
15
23
21
15
13
13
14
17
15
16
18
16
15
20
13
9
15
13
15
17
7
24
11
11
12
13
13
17
10
11
11
12
21
13
16
18
6
12
12
15
16
9
19
17
11
13
10
10
15
15
21
7
10
14
10
18
13
18
12
20
21
9
11
14
13
14
14
15
12
14
14
16
14
12
17
14
12
11
16
11
12
14
16
13
16
18
17
11
9
9
7
14
12
6
17
13
10
14
5
12
12
14
14
4
11
13
10
15
6
10
5
17
13
13
14
13
21
14
10
14
6
12
10
9
14
15
17
13
9
14
14
12
14
9
13
14
5
13
11
18
5
12
6
15
6
8
8
13
6
12
10
11
9
15
14
11
8
12
11
12
16
11
10
14
18
12
15
9
12
11
8
5
22
15
12
8
13
11
7
13
19
18
14
12
12
12
9
12
9
11
6
9
13
12
12
8
21
7
13
17
8
12
7
10
10
13
11
11
17
14
9
8
13
8
10
6
18
14
11
8
10
21
9
9
10
6
5
14
9
7
12
8
9
12
15
4
10
6
8
11
14
8
8
13
9
6
8
7
5
8
13
4
8
3
12
10
6
9
11
6
12
9
11
12
15
3
7
5
12
7
10
6
11
5
6
1
3
9
9
3
9
8
16
5
12
6
8
11
6
9
5
10
9
7
5
3
9
4
5
7
10
10
3
8
7
3
6
14
3
10
11
3
7
5
9
7
9
7
4
2
8
7
5
5
8
7
5
9
7
1
2
6
9
10
1
4
13
5
13
7
10
4
8
4
6
8
3
6
8
5
5
6
5
9
10
5
6
11
11
2
10
7
8
6
6
11
9
5
5
5
6
6
5
3
4
4
5
3
8
6
4
5
2
2
7
5
7
3
4
8
2
4
8
7
4
6
8
4
3
6
7
10
9
7
7
4
3
4
5
2
2
3
7
8
5
7
9
7
7
2
5
7
3
7
7
8
9
3
5
4
7
6
2
3
3
5
3
2
8
8
5
10
2
8
4
3
7
8
5
8
10
10
5
7
2
8
2
4
6
1
4
2
5
7
2
5
9
8
3
4
4
6
5
5
3
1
5
3
3
8
7
1
8
10
4
5
6
7
3
5
4
7
2
5
8
6
5
6
6
4
2
6
6
5
9
3
6
3
5
3
5
3
2
2
6
5
9
8
7
6
8
8
1
6
5
2
7
4
7
3
5
2
3
4
4
4
6
3
4
4
2
4
5
5
5
6
7
4
5
6
7
8
8
2
2
2
4
3
0
6
4
5
2
3
6
10
5
4
2
7
4
3
7
5
7
3
3
2
6
2
5
6
3
7
5
3
3
2
5
3
3
3
3
5
5
4
3
4
5
5
2
4
6
5
7
5
8
5
3
2
2
7
2
6
5
5
5
5
7
4
3
5
3
7
6
3
5
5
10
3
2
1
2
4
5
6
3
5
2
3
5
8
4
5
2
4
5
4
6
6
2
5
4
1
2
1
3
7
3
1
2
4
5
6
6
4
4
5
3
4
9
4
3
5
5
11
2
7
9
4
5
2
2
5
4
5
3
4
6
6
7
3
6
2
6
3
6
2
0
4
1
1
4
3
4
5
5
2
2
2
3
4
3
5
5
6
5
4
3
6
6
2
4
1
4
3
3
5
4
3
10
2
3
8
2
0
7
2
2
4
3
3
4
4
4
5
3
3
4
6
3
5
5
4
3
4
1
7
4
3
3
4
3
7
1
3
4
3
5
5
3
2
0
9
0
3
5
7
4
4
6
7
4
3
3
9
4
6
5
5
7
8
2
4
2
3
0
3
3
6
1
3
2
0
3
3
3
6
6
2
1
4
0
8
0
4
4
8
2
5
4
3
4
9
5
0
2
2
6
5
4
3
3
7
4
4
1
2
5
3
6
4
4
3
5
2
1
1
9
2
3
3
2
1
4
6
3
7
4
3
1
4
2
3
2
6
1
3
1
4
4
3
3
5
3
1
0
2
3
3
5
2
3
2
6
3
4
2
3
3
3
1
3
3
4
5
0
4
2
3
2
3
1
3
2
2
3
4
4
2
4
1
1
0
1
1
2
3
2
4
1
3
2
4
1
3
3
3
5
3
1
2
2
0
4
1
2
3
3
3
2
1
6
6
3
5
1
5
5
2
4
1
3
4
3
7
4
2
6
0
4
3
1
2
2
4
1
0
3
6
1
2
4
3
4
2
1
2
2
3
4
4
1
0
3
2
2
0
4
4
6
4
3
2
3
2
5
5
5
6
4
2
4
2
3
2
7
2
4
3
2
2
1
3
3
2
2
4
6
3
1
2
5
1
2
5
1
1
7
3
5
2
4
2
5
4
2
6
3
2
5
1
2
7
3
0
2
4
3
1
1
3
2
2
3
3
3
0
2
6
2
8
1
4
3
2
3
7
6
4
3
3
4
3
1
5
3
4
1
3
4
5
2
4
4
3
2
2
3
1
5
2
2
1
5
3
3
3
1
4
1
3
0
0
3
4
2
3
1
1
2
0
4
1
4
3
1
4
4
3
6
4
3
4
5
3
2
4
5
6
1
4
1
2
2
5
10
4
3
3
3
2
5
2
5
5
2
1
3
3
3
10
5
1
4
1
2
0
2
4
1
5
1
3
2
7
0
4
0
1
1
2
3
5
7
3
2
1
3
1
2
1
3
4
2
1
2
3
2
1
1
3
2
1
3
2
2
5
3
2
3
3
2
4
2
7
5
2
2
1
2
3
4
3
4
2
4
2
4
6
3
0
4
4
1
0
6
0
3
2
0
1
2
2
4
6
4
4
3
2
1
0
3
3
0
5
1
1
3
0
1
4
5
5
3
3
3
0
3
3
3
1
2
2
1
3
3
4
4
1
4
3
1
3
3
3
4
3
2
2
0
1
0
1
5
1
1
1
2
4
1
4
2
1
3
1
4
3
5
0
2
3
1
3
1
1
2
2
4
4
5
2
3
1
1
1
0
2
3
3
2
2
2
3
0
4
3
3
1
1
2
1
1
0
3
2
0
1
1
1
1
3
1
1
2
3
3
0
2
3
0
3
2
2
0
2
1
1
1
3
0
1
1
1
1
2
2
4
1
2
2
1
1
0
0
3
3
2
4
1
0
2
1
1
2
0
4
1
2
1
1
5
3
1
1
2
1
0
1
2
2
1
2
0
2
0
1
1
0
2
0
1
0
3
3
2
1
2
1
1
1
2
1
0
2
0
2
2
0
0
0
2
2
1
3
2
0
2
2
4
1
1
0
3
0
1
2
4
2
1
2
3
1
3
3
0
2
2
1
1
2
1
1
0
2
3
2
1
0
3
5
2
1
2
2
1
2
2
1
4
4
1
2
2
3
2
2
3
2
4
1
1
0
2
1
1
1
2
0
1
2
1
3
6
1
0
0
0
1
0
1
0
1
0
0
2
3
1
2
3
4
2
3
0
2
3
0
0
2
1
0
3
0
2
1
0
1
4
0
0
2
0
0
1
2
3
3
4
5
3
2
1
1
1
1
2
1
0
1
2
2
0
0
1
2
2
1
5
1
2
0
2
2
1
0
1
2
1
1
1
0
2
4
6
1
4
1
2
3
1
0
2
2
0
1
4
0
0
3
1
1
2
1
1
2
3
1
1
4
3
2
0
4
1
5
1
1
1
0
0
2
2
1
2
1
1
0
2
2
2
0
1
0
1
1
0
0
2
0
1
2
1
1
5
4
2
1
0
2
2
0
4
0
1
0
1
1
0
1
1
2
2
0
0
0
1
4
1
2
4
0
1
0
0
0
1
1
1
2
2
1
2
3
1
1
0
0
1
0
2
0
0
2
2
1
3
1
1
3
1
1
4
2
0
0
2
1
0
1
3
1
0
2
0
7
2
2
2
2
2
1
1
1
1
0
3
1
2
0
1
1
2
1
1
0
0
1
1
0
1
2
0
3
0
1
2
3
2
1
0
0
2
4
2
0
1
0
0
6
1
0
0
1
0
3
3
2
1
0
3
1
2
4
1
1
2
1
3
3
0
1
0
0
3
1
3
2
3
1
0
0
3
1
1
0
2
1
3
2
0
1
2
0
0
1
0
2
2
1
2
2
3
1
1
0
2
1
1
4
3
1
3
1
2
2
1
1
1
1
3
2
1
5
1
0
0
3
1
0
4
1
3
2
0
2
3
0
3
0
0
0
2
1
2
1
2
1
4
0
1
0
1
3
2
2
0
1
1
0
4
1
0
2
2
3
4
3
1
2
2
2
1
1
0
2
5
4
2
0
0
1
0
0
0
1
0
1
0
0
0
2
1
3
0
0
0
0
2
1
1
0
0
2
3
0
2
1
0
2
1
1
1
3
0
0
2
2
0
1
0
1
1
1
1
1
3
2
2
1
2
2
3
1
1
1
1
2
2
0
1
2
0
2
2
2
1
0
1
2
2
0
0
2
0
0
1
4
2
1
2
0
1
1
1
0
2
0
1
2
1
2
0
0
1
0
0
0
2
1
0
1
0
0
0
1
3
1
1
1
1
0
0
0
1
4
0
1
1
1
0
1
0
5
0
0
1
0
2
2
2
0
0
2
3
1
2
3
3
0
0
3
1
0
0
1
0
0
1
0
1
2
1
2
1
2
0
3
0
1
0
1
4
2
1
0
0
1
2
1
1
1
0
1
0
1
2
0
0
1
3
0
2
2
1
2
4
2
1
0
0
2
2
1
0
1
0
0
1
0
3
3
0
0
0
2
2
0
4
1
1
2
3
2
1
2
0
0
2
0
2
1
2
1
2
2
1
1
1
1
1
0
1
1
2
0
1
0
1
1
0
2
0
4
2
1
0
1
0
1
1
1
0
1
2
2
1
2
2
0
1
0
0
2
1
0
0
1
1
1
1
0
2
0
4
1
4
2
2
1
1
3
1
1
2
1
1
1
0
1
0
2
0
1
2
1
1
0
0
1
3
1
1
2
0
0
0
3
0
1
0
0
1
0
2
1
0
0
0
2
1
0
1
2
0
1
1
1
0
1
1
0
0
1
0
1
1
2
0
2
1
3
0
2
0
1
0
0
1
2
2
0
0
0
3
1
0
0
0
1
0
0
2
0
1
3
0
0
1
2
0
1
4
2
0
1
1
0
1
2
0
0
2
0
1
0
2
3
2
4
3
0
3
0
2
0
1
1
0
0
2
3
1
2
1
1
1
3
1
5
1
1
3
2
0
0
0
3
4
0
3
1
0
0
4
1
3
0
0
0
2
4
1
1
1
1
3
0
0
0
1
1
0
1
0
0
3
1
2
2
0
0
1
0
3
0
2
1
0
2
0
2
2
1
0
0
4
1
0
1
1
2
0
0
0
1
2
2
0
3
1
1
1
2
2
1
1
0
1
2
0
2
0
2
0
1
1
1
0
2
1
1
2
1
1
2
3
1
0
0
1
1
1
0
0
1
2
0
0
0
1
1
1
0
3
2
1
0
2
0
2
1
1
0
3
1
0
1
0
2
0
1
3
2
2
2
0
1
1
0
3
1
1
0
1
2
1
1
2
1
0
1
1
1
0
0
0
5
1
2
0
2
0
1
0
1
1
0
1
1
2
1
1
0
2
3
2
1
1
2
1
1
0
0
1
0
1
1
1
1
1
0
1
2
1
2
1
1
1
0
0
1
0
2
0
3
0
2
2
2
3
2
1
1
2
1
1
1
2
1
2
1
1
0
1
0
0
0
0
1
2
0
2
2
4
1
0
1
1
1
0
0
0
0
1
0
0
0
2
1
0
0
0
2
1
1
0
1
1
0
2
0
0
0
1
2
1
2
0
2
1
1
0
1
1
0
1
1
0
2
1
0
2
0
3
1
0
1
1
1
2
2
0
1
0
3
1
0
1
0
1
1
0
1
0
1
0
1
2
1
2
0
0
1
1
1
0
0
2
2
0
1
1
2
0
1
1
0
0
2
2
2
2
0
2
0
2
1
1
3
1
1
1
0
0
0
0
3
0
1
2
0
0
0
0
0
2
0
0
0
1
2
0
0
0
1
0
2
2
2
0
2
0
0
2
1
1
0
0
0
0
0
1
1
0
1
1
1
1
0
0
1
1
1
0
1
0
2
1
0
0
0
1
7
2
2
0
2
1
2
0
3
1
0
1
2
2
2
1
1
0
0
0
0
1
2
1
0
1
1
1
1
2
1
0
1
1
1
1
0
0
1
0
1
0
0
1
1
0
1
0
2
2
2
4
0
0
1
1
2
0
1
0
0
0
0
1
2
0
0
2
1
0
0
0
1
0
0
0
0
1
0
1
0
0
1
0
0
2
0
0
0
0
0
2
0
0
1
1
1
1
1
0
3
0
1
0
0
0
0
0
1
1
1
1
0
0
3
1
0
0
0
1
0
0
3
0
1
0
0
0
0
1
4
2
0
1
1
0
0
3
0
2
0
0
0
1
0
0
0
1
1
0
0
2
0
1
1
2
2
2
4
0
0
0
2
0
2
0
2
1
0
0
1
0
2
1
2
0
1
0
1
0
0
1
0
0
3
0
0
1
0
3
0
2
0
3
1
3
2
2
0
1
0
0
1
1
1
1
0
0
1
0
0
0
0
1
1
2
2
1
1
1
0
1
0
1
0
0
0
3
0
0
0
0
1
0
1
0
0
0
1
1
1
1
0
2
2
1
2
0
0
0
1
0
1
0
0
0
0
2
2
1
0
0
0
0
1
0
1
1
0
0
4
1
0
0
0
0
1
0
0
1
2
1
1
1
0
1
0
1
1
1
0
4
2
0
1
1
1
0
1
1
1
0
2
1
3
2
0
1
2
0
0
0
0
0
1
0
0
0
0
2
2
0
0
1
3
0
2
0
0
1
2
1
0
0
0
1
1
1
1
1
0
0
1
1
2
0
2
0
0
0
1
0
1
1
0
1
3
0
1
2
0
1
0
1
0
0
2
0
0
0
0
0
0
1
1
0
1
1
1
1
2
1
0
0
0
2
2
1
2
0
0
1
0
2
1
0
2
3
0
1
0
1
0
1
3
0
0
2
1
3
0
0
0
2
2
0
1
2
0
0
1
0
1
1
3
1
3
0
0
2
0
0
2
1
2
2
0
1
0
2
0
0
1
0
0
0
0
2
0
0
1
0
0
0
0
1
1
1
0
1
0
0
2
0
1
1
3
1
0
0
1
3
0
0
2
2
1
1
0
1
1
0
1
1
0
1
1
1
0
0
0
0
1
1
1
0
1
0
2
0
1
0
1
0
0
0
0
1
3
2
1
0
0
0
0
1
1
1
0
0
2
0
0
1
2
0
1
0
2
2
0
1
1
1
1
0
1
1
1
0
0
0
2
0
0
2
1
0
3
1
0
0
0
1
0
2
2
0
0
1
2
2
1
0
1
2
2
1
1
1
0
0
1
3
2
1
0
0
1
1
0
1
0
1
0
0
0
1
2
2
1
1
3
0
0
0
0
1
0
0
2
0
2
2
0
2
1
1
0
0
3
1
1
3
1
1
0
1
1
0
0
3
1
0
0
1
2
1
0
0
1
2
1
1
1
0
0
0
0
0
0
0
1
1
1
0
1
0
0
0
0
1
2
3
1
0
1
0
0
0
0
0
0
0
3
0
1
0
0
0
0
0
2
2
2
0
1
1
1
2
2
0
1
0
1
0
1
0
0
1
0
1
1
1
3
1
0
1
0
1
0
0
0
0
0
1
2
1
0
2
0
2
0
2
0
0
0
1
2
1
2
0
0
2
2
2
3
3
1
1
2
1
1
0
1
2
0
1
1
1
1
0
0
0
0
0
1
2
0
0
0
0
1
1
0
1
0
0
2
0
0
1
2
0
0
0
0
0
0
1
0
0
1
0
0
0
0
0
3
0
0
0
0
2
1
0
1
0
1
0
0
3
0
2
2
1
1
2
1
2
0
1
0
1
0
0
1
0
2
0
0
1
2
1
0
1
0
0
1
0
1
1
0
0
1
0
1
1
3
0
0
0
1
2
0
0
1
1
1
0
1
1
0
4
1
0
1
1
2
0
0
1
0
1
0
1
1
2
0
2
1
0
0
0
1
0
0
2
1
0
2
0
0
1
1
1
0
0
0
1
0
1
0
1
0
1
0
0
0
1
0
0
1
1
0
0
1
1
0
0
0
1
1
1
1
0
1
2
0
0
0
0
1
1
0
0
3
0
0
0
1
1
0
0
1
1
0
1
0
2
0
0
0
0
0
0
2
0
2
1
0
0
0
1
0
0
1
1
0
1
0
0
1
0
0
0
2
0
0
1
0
0
0
0
0
2
0
0
0
0
1
0
0
0
0
1
0
0
1
2
0
2
1
0
1
1
0
0
0
0
1
0
0
1
0
0
0
0
0
1
0
0
1
1
0
0
0
1
0
1
1
0
0
0
0
2
0
1
1
0
0
0
0
2
1
0
0
0
0
0
0
0
1
0
0
0
1
0
0
0
0
1
0
1
0
1
0
0
0
0
1
1
0
1
0
0
2
0
0
0
0
1
0
1
0
0
0
0
0
1
0
0
0
0
0
0
1
1
0
0
1
3
0
1
1
0
1
0
0
0
1
1
1
1
0
1
0
0
0
1
1
0
0
0
0
2
0
1
2
1
2
0
0
0
1
1
0
0
0
0
0
0
1
1
0
1
0
1
0
1
0
0
0
0
0
0
1
0
2
0
0
1
0
0
0
0
1
2
2
0
1
0
0
0
0
0
1
0
0
0
0
1
0
0
0
0
0
0
0
0
1
0
0
0
0
0
0
0
1
1
0
0
0
0
1
2
0
0
0
0
1
1
1
0
0
0
1
0
0
1
0
0
0
0
0
0
0
1
0
0
0
0
1
0
0
2
0
0
0
1
2
1
0
1
0
1
0
0
0
1
0
0
0
1
0
0
1
0
1
0
0
1
0
0
1
0
0
1
1
0
0
2
0
0
0
0
0
0
1
1
1
0
0
0
0
0
0
0
2
1
1
1
0
0
1
0
0
1
1
0
0
0
0
1
1
0
0
0
0
0
0
0
0
2
0
1
1
0
1
0
0
0
0
2
0
0
0
0
0
0
0
0
1
0
0
0
1
1
1
0
0
1
0
0
0
1
1
0
0
1
1
1
0
0
1
0
1
0
0
0
0
0
0
0
0
0
0
0
1
0
0
0
0
0
0
0
0
0
0
0
0
1
1
0
0
0
1
0
0
1
0
0
0
0
0
0
0
0
0
0
0
1
0
1
0
0
0
1
0
1
0
0
1
1
0
0
1
0
2
0
1
0
0
0
2
0
0
0
0
0
1
1
0
0
0
0
0
0
0
0
0
0
0
1
0
0
0
0
0
1
0
0
0
1
0
0
0
0
0
0
0
0
0
0
0
0
0
1
0
1
1
0
0
1
1
0
0
0
1
0
0
1
0
0
1
0
0
0
0
0
0
0
1
1
0
0
1
0
0
0
0
0
1
0
0
0
1
0
0
0
0
1
1
0
2
0
1
0
0
0
0
0
0
1
0
1
0
0
0
0
0
0
0
1
1
1
0
0
0
0
0
0
0
0
0
0
0
0
1
0
0
0
0
0
1
0
1
0
1
0
0
0
0
0
0
0
0
0
1
0
1
3
2
0
0
0
2
0
0
0
0
1
2
0
0
0
0
0
0
0
1
0
1
0
0
1
0
0
0
0
2
0
1
0
0
1
1
0
0
0
0
1
0
0
2
0
0
0
1
0
0
1
1
0
0
0
0
1
1
0
1
1
0
0
0
0
0
0
0
0
0
0
0
1
1
1
1
0
1
1
0
0
0
0
1
0
0
0
0
1
0
1
0
0
1
0
0
0
0
1
1
0
0
0
1
0
0
0
3
1
1
1
0
0
0
1
0
1
0
2
0
0
0
0
1
0
0
2
0
1
1
0
0
0
1
0
0
2
0
1
1
2
1
1
1
0
0
2
0
0
0
0
1
0
1
0
1
0
3
0
0
1
0
1
0
0
0
1
0
1
0
0
1
1
1
1
2
0
0
0
2
1
1
0
1
1
1
0
0
0
0
1
0
1
3
2
2
1
1
2
0
0
0
1
1
0
0
0
0
1
0
0
1
0
1
0
1
1
2
0
0
1
0
0
1
1
2
2
0
1
0
3
0
1
0
1
1
1
1
0
1
1
1
1
1
0
1
0
0
1
0
0
0
0
0
0
0
3
1
1
1
0
0
0
1
0
0
1
0
4
0
2
1
0
0
0
0
0
0
1
1
1
0
0
1
1
0
0
0
1
0
2
0
1
1
0
0
0
0
0
0
0
0
0
0
0
1
0
0
0
1
1
0
0
0
2
0
0
1
1
1
2
0
0
0
2
0
1
1
0
0
0
0
0
1
1
0
0
1
0
2
0
0
0
0
0
0
0
0
1
0
1
0
0
0
1
0
1
0
0
0
0
0
2
1
1
0
0
3
1
0
1
0
1
3
0
0
1
0
0
0
0
0
1
1
0
0
0
1
0
0
0
0
0
1
1
0
3
0
0
0
0
1
0
0
0
0
1
0
1
0
0
0
0
0
1
1
1
0
0
1
0
1
0
1
0
1
0
0
0
0
0
0
1
0
1
1
0
0
0
0
0
0
1
0
0
0
1
0
1
0
1
0
0
0
0
1
0
0
0
1
0
0
0
0
0
0
0
0
0
0
0
0
0
1
0
0
0
0
0
0
0
0
0
1
0
0
1
2
0
0
0
0
2
1
0
0
0
0
0
0
0
0
0
0
0
0
0
0
0
0
0
1
0
0
0
0
0
1
0
1
0
0
0
1
0
1
1
0
0
0
1
0
0
0
0
1
1
1
0
0
1
0
0
0
0
0
1
0
0
0
0
0
0
0
0
0
0
0
1
0
0
0
1
0
1
0
1
0
0
0
0
1
1
0
0
0
1
0
0
1
0
0
1
1
0
0
0
1
0
1
0
0
0
0
0
0
0
0
0
1
0
1
0
0
0
0
0
0
0
0
0
1
0
0
0
0
0
1
0
0
0
1
0
1
0
0
0
0
1
0
0
0
0
0
0
0
0
1
1
1
1
1
0
0
0
0
0
1
0
0
0
0
0
0
0
0
1
0
0
0
0
0
0
0
0
0
0
0
0
0
0
0
1
0
0
0
0
0
0
0
1
0
0
0
0
0
1
0
0
0
0
2
0
0
0
0
0
0
0
2
0
0
0
0
1
0
1
2
0
0
0
0
1
0
0
0
1
0
0
0
1
0
0
0
0
0
0
0
1
1
0
0
0
1
0
0
0
0
1
1
0
1
0
0
0
0
0
0
0
1
0
0
0
1
0
0
0
0
0
1
0
0
0
0
0
0
0
0
0
0
1
1
0
0
1
0
0
0
0
0
0
1
0
0
0
1
0
0
1
0
0
0
0
0
0
0
0
0
0
0
0
0
0
1
0
1
1
1
1
0
0
1
0
0
0
1
0
0
0
0
0
0
0
0
0
1
0
1
0
1
0
0
0
0
1
0
2
0
1
0
0
0
0
0
0
0
1
0
0
0
0
0
0
0
0
0
0
1
0
0
0
1
0
0
1
0
0
0
0
1
0
0
1
0
0
0
0
1
0
0
0
0
0
0
0
0
0
0
0
0
0
0
0
0
0
0
1
0
0
0
0
0
0
0
0
0
0
0
0
0
0
0
0
0
1
0
1
0
0
0
0
0
0
0
0
0
0
0
0
1
0
0
0
0
0
0
0
0
0
0
0
0
0
0
0
1
0
0
1
0
0
0
0
0
1
0
0
0
0
0
1
0
0
0
0
0
0
0
0
0
1
0
0
0
1
0
0
0
0
0
0
0
0
0
0
0
0
0
0
0
0
0
0
0
0
0
0
0
0
0
0
0
0
0
0
0
0
0
0
0
0
0
0
1
0
0
1
0
0
0
1
0
1
0
0
0
0
0
0
0
0
0
0
0
0
0
0
0
0
0
0
0
0
0
0
0
0
0
0
0
0
0
0
0
0
0
0
0
0
0
1
0
0
0
0
0
0
0
0
0
1
0
0
0
0
0
1
0
0
0
0
0
0
0
0
0
0
0
0
0
0
0
0
0
0
0
0
0
0
0
0
0
0
1
0
0
0
0
0
1
1
0
0
0
0
0
0
1
0
0
0
0
0
0
1
0
0
1
0
0
0
0
0
0
0
0
0
1
0
0
0
0
0
0
0
1
0
0
0
0
0
0
0
0
0
0
0
0
0
0
0
0
1
0
0
0
0
0
0
0
2
0
0
0
0
0
1
0
0
0
0
0
0
0
0
0
0
0
0
0
0
0
0
0
0
0
0
0
1
0
0
0
0
0
0
0
0
0
0
1
1
0
1
0
0
0
0
0
0
0
0
0
1
0
0
0
0
0
1
0
0
0
0
0
0
0
0
1
0
1
0
1
1
0
2
0
0
0
0
0
0
0
1
0
0
0
0
0
0
0
0
0
1
0
0
0
0
0
0
1
2
1
0
0
0
0
0
1
0
1
0
0
0
0
0
0
0
0
0
0
0
0
0
0
0
1
0
0
0
0
0
0
0
0
0
0
2
0
1
0
0
0
0
0
0
0
0
0
0
0
0
0
0
0
1
0
1
0
1
0
1
0
0
0
0
0
1
0
0
0
0
0
0
0
0
1
0
0
0
0
0
0
0
1
1
0
0
0
0
0
0
0
1
0
0
0
0
0
0
0
0
1
0
0
0
1
0
1
0
0
0
2
0
0
0
1
0
1
0
0
0
0
0
0
0
0
0
0
0
0
0
1
0
0
0
0
2
0
0
0
0
1
0
0
0
0
1
1
0
0
0
0
0
0
0
0
0
0
0
0
0
0
1
0
0
0
0
0
0
0
0
0
0
0
0
0
2
0
0
1
0
0
0
0
0
1
0
0
0
0
0
0
0
0
0
1
0
0
0
0
0
0
0
1
1
0
1
0
0
0
0
0
0
0
0
0
0
1
0
0
0
0
0
0
0
0
0
0
0
0
0
1
0
0
1
0
0
0
0
0
1
1
0
0
1
0
0
0
0
0
0
0
1
0
0
0
0
0
0
0
0
0
0
0
0
0
0
0
1
0
1
0
0
0
0
0
0
0
0
0
0
0
0
0
0
0
0
0
0
0
0
0
0
0
0
2
1
0
1
0
0
0
0
0
0
0
0
0
0
1
0
0
0
0
0
0
0
1
0
0
0
0
0
1
0
0
0
0
0
0
1
0
0
0
0
1
1
0
0
0
0
1
0
0
0
0
0
0
0
0
0
1
0
0
0
1
0
0
0
0
1
0
2
0
0
2
0
0
0
0
0
0
0
0
0
0
0
0
0
0
0
0
0
1
0
0
0
1
0
0
0
0
1
0
0
0
0
0
0
0
0
0
0
0
0
0
0
0
0
0
1
0
0
0
0
0
0
0
0
0
0
0
0
0
0
0
0
0
0
0
0
0
0
0
0
0
0
0
0
1
0
0
0
0
0
0
0
0
1
0
0
0
0
0
0
0
0
0
0
0
0
0
0
0
1
0
1
0
0
0
2
0
0
0
0
0
1
1
0
0
0
0
0
0
0
1
0
0
0
0
0
0
0
0
0
0
0
0
0
0
0
0
0
0
0
0
0
0
0
0
0
0
0
0
0
0
0
0
0
0
0
0
0
0
0
2
0
0
0
0
0
0
0
0
0
0
0
0
0
1
0
1
0
1
0
0
1
0
0
0
0
0
0
0
0
0
0
0
0
0
0
0
0
0
1
0
0
0
0
0
0
0
0
0
0
0
1
0
0
0
0
0
0
0
0
0
0
0
0
0
0
0
0
1
0
0
0
1
1
0
0
0
0
2
0
0
0
0
1
0
0
1
0
1
0
0
0
0
0
0
0
0
0
0
0
0
0
0
0
0
0
0
0
1
0
0
0
0
0
0
0
0
1
0
0
0
0
1
0
0
0
0
0
0
0
0
0
0
0
1
0
0
0
0
0
0
0
0
0
0
1
0
0
0
0
0
0
0
0
0
2
0
0
0
0
0
0
0
0
0
0
0
0
0
1
0
0
0
0
0
0
0
0
0
0
0
0
0
0
0
0
0
0
0
0
0
0
0
0
1
0
0
0
0
0
0
0
0
0
0
0
0
0
1
0
1
0
0
0
0
0
0
0
0
0
0
1
0
0
0
0
0
0
0
0
0
0
0
1
0
0
0
0
0
0
0
0
0
0
2
0
0
0
0
0
1
0
0
0
0
0
0
0
0
0
0
0
0
0
0
0
0
0
1
0
0
0
1
0
0
0
0
0
0
0
0
0
0
0
0
0
0
0
0
0
1
1
0
0
0
1
0
0
0
0
0
0
0
0
0
0
0
0
0
0
0
0
0
0
0
0
1
0
0
0
0
0
1
0
0
0
0
0
0
0
0
0
0
0
0
0
0
0
0
0
0
0
1
0
0
0
0
0
0
0
0
0
0
0
0
0
0
0
0
0
0
0
0
0
1
0
0
0
0
0
0
1
0
1
0
0
0
1
0
0
0
0
0
0
0
0
1
0
0
0
0
1
0
0
0
0
0
0
1
0
0
0
0
0
1
1
0
0
0
1
0
0
0
0
0
1
0
0
0
0
0
1
0
0
1
0
0
0
0
0
0
0
0
0
0
0
0
0
0
0
0
0
1
0
0
0
0
0
0
0
0
0
0
0
0
0
0
1
0
0
1
0
0
0
0
0
0
0
0
0
0
0
0
0
1
0
0
0
0
1
0
1
0
0
0
1
1
0
0
0
1
0
0
0
0
0
0
0
0
0
1
0
0
0
0
2
0
1
0
0
0
0
1
0
0
1
0
0
0
0
0
0
0
0
0
0
1
0
0
1
0
0
0
0
0
1
0
0
0
0
0
0
0
0
0
0
0
0
0
0
0
1
0
0
0
0
0
0
0
0
0
0
1
0
0
0
0
0
0
1
0
0
1
0
0
0
0
1
0
0
0
0
0
0
0
0
1
1
0
0
0
0
0
0
0
0
0
0
0
0
0
1
0
0
1
0
0
0
0
1
1
0
0
0
0
0
0
0
0
0
0
0
0
0
0
0
0
0
0
0
0
0
0
0
0
0
0
0
0
0
0
0
0
0
0
0
0
0
0
0
0
0
0
0
0
0
0
0
0
0
0
0
0
0
0
0
0
0
0
0
0
0
0
0
0
0
0
0
0
1
0
0
0
1
0
0
0
0
0
0
0
0
0
0
0
0
0
0
1
0
0
0
0
0
1
0
0
0
0
0
0
0
0
0
0
0
0
0
1
0
0
0
0
0
0
0
0
0
0
0
0
0
0
0
0
0
0
0
0
1
0
0
0
0
0
0
0
0
0
1
1
1
0
0
0
0
0
0
0
1
0
1
0
0
0
0
0
0
1
0
0
0
0
0
0
0
0
0
0
0
0
0
0
0
0
0
0
0
0
1
0
0
0
0
0
0
0
0
0
0
0
0
0
0
0
0
1
0
0
0
0
1
0
0
0
0
0
0
0
0
0
1
2
0
0
0
0
0
0
0
1
0
0
0
0
0
0
0
0
0
0
0
0
0
0
0
0
0
0
0
0
0
1
2
0
0
0
0
0
0
0
0
0
0
0
0
0
0
0
0
0
0
0
0
0
0
1
0
0
0
0
1
0
0
0
0
0
0
1
0
0
0
0
0
0
0
0
0
0
0
0
0
0
0
0
0
0
0
0
0
0
0
0
0
0
0
0
0
0
<<END>>
<<HARDWARE SETUP>>
FIRSTPEAK - 1
PROTECTTIMEENABLE - 0
PILEUPLOSSCORRECTION - 0
PILEUPREJECTION - 0
PEAKINGTIME - 42.333333
<<END>>