-5.460607528687E+00   0.000000000000E+00
-5.453688144684E+00   1.000000000000E+00
-5.446768283844E+00   0.000000000000E+00
-5.439848899841E+00   0.000000000000E+00
-5.432929039001E+00   0.000000000000E+00
-5.426009654999E+00   0.000000000000E+00
-5.419089794159E+00   0.000000000000E+00
-5.412170410156E+00   0.000000000000E+00
-5.405250549316E+00   0.000000000000E+00
-5.398331165314E+00   0.000000000000E+00
-5.391411304474E+00   0.000000000000E+00
-5.384491920471E+00   0.000000000000E+00
-5.377572059631E+00   0.000000000000E+00
-5.370652675629E+00   0.000000000000E+00
-5.363732814789E+00   0.000000000000E+00
-5.356813430786E+00   0.000000000000E+00
-5.349893569946E+00   1.000000000000E+00
-5.342974185944E+00   0.000000000000E+00
-5.336054325104E+00   0.000000000000E+00
-5.329134941101E+00   0.000000000000E+00
-5.322215080261E+00   0.000000000000E+00
-5.315295696259E+00   0.000000000000E+00
-5.308375835419E+00   0.000000000000E+00
-5.301456451416E+00   0.000000000000E+00
-5.294536590576E+00   0.000000000000E+00
-5.287617206573E+00   0.000000000000E+00
-5.280697345734E+00   0.000000000000E+00
-5.273777961731E+00   1.000000000000E+00
-5.266858100891E+00   0.000000000000E+00
-5.259938716888E+00   0.000000000000E+00
-5.253018856049E+00   0.000000000000E+00
-5.246099472046E+00   0.000000000000E+00
-5.239179611206E+00   0.000000000000E+00
-5.232260227203E+00   0.000000000000E+00
-5.225340366364E+00   0.000000000000E+00
-5.218420982361E+00   1.000000000000E+00
-5.211501121521E+00   0.000000000000E+00
-5.204581737518E+00   0.000000000000E+00
-5.197661876678E+00   0.000000000000E+00
-5.190742492676E+00   1.000000000000E+00
-5.183822631836E+00   0.000000000000E+00
-5.176903247833E+00   0.000000000000E+00
-5.169983386993E+00   0.000000000000E+00
-5.163064002991E+00   0.000000000000E+00
-5.156144618988E+00   0.000000000000E+00
-5.149224758148E+00   0.000000000000E+00
-5.142305374146E+00   0.000000000000E+00
-5.135385513306E+00   0.000000000000E+00
-5.128466129303E+00   0.000000000000E+00
-5.121546268463E+00   0.000000000000E+00
-5.114626884460E+00   0.000000000000E+00
-5.107707023621E+00   0.000000000000E+00
-5.100787639618E+00   0.000000000000E+00
-5.093867778778E+00   0.000000000000E+00
-5.086948394775E+00   1.000000000000E+00
-5.080028533936E+00   1.000000000000E+00
-5.073109149933E+00   1.000000000000E+00
-5.066189289093E+00   1.000000000000E+00
-5.059269905090E+00   1.000000000000E+00
-5.052350044250E+00   0.000000000000E+00
-5.045430660248E+00   1.000000000000E+00
-5.038510799408E+00   0.000000000000E+00
-5.031591415405E+00   0.000000000000E+00
-5.024671554565E+00   1.000000000000E+00
-5.017752170563E+00   0.000000000000E+00
-5.010832309723E+00   0.000000000000E+00
-5.003912925720E+00   0.000000000000E+00
-4.996993064880E+00   0.000000000000E+00
-4.990073680878E+00   0.000000000000E+00
-4.983153820038E+00   0.000000000000E+00
-4.976234436035E+00   0.000000000000E+00
-4.969314575195E+00   3.000000000000E+00
-4.962395191193E+00   0.000000000000E+00
-4.955475330353E+00   2.000000000000E+00
-4.948555946350E+00   0.000000000000E+00
-4.941636085510E+00   1.000000000000E+00
-4.934716701508E+00   1.000000000000E+00
-4.927796840668E+00   0.000000000000E+00
-4.920877456665E+00   1.000000000000E+00
-4.913957595825E+00   4.000000000000E+00
-4.907038211823E+00   0.000000000000E+00
-4.900118350983E+00   2.000000000000E+00
-4.893198966980E+00   2.000000000000E+00
-4.886279106140E+00   0.000000000000E+00
-4.879359722137E+00   2.000000000000E+00
-4.872439861298E+00   0.000000000000E+00
-4.865520477295E+00   0.000000000000E+00
-4.858600616455E+00   1.000000000000E+00
-4.851681232452E+00   1.000000000000E+00
-4.844761371613E+00   2.000000000000E+00
-4.837841987610E+00   1.000000000000E+00
-4.830922126770E+00   1.000000000000E+00
-4.824002742767E+00   2.000000000000E+00
-4.817082881927E+00   0.000000000000E+00
-4.810163497925E+00   0.000000000000E+00
-4.803243637085E+00   3.000000000000E+00
-4.796324253082E+00   1.000000000000E+00
-4.789404392242E+00   2.000000000000E+00
-4.782485008240E+00   1.000000000000E+00
-4.775565147400E+00   4.000000000000E+00
-4.768645763397E+00   2.000000000000E+00
-4.761725902557E+00   0.000000000000E+00
-4.754806518555E+00   3.000000000000E+00
-4.747886657715E+00   3.000000000000E+00
-4.740967273712E+00   3.000000000000E+00
-4.734047412872E+00   1.000000000000E+00
-4.727128028870E+00   3.000000000000E+00
-4.720208168030E+00   4.000000000000E+00
-4.713288784027E+00   2.000000000000E+00
-4.706368923187E+00   1.000000000000E+00
-4.699449539185E+00   3.000000000000E+00
-4.692529678345E+00   6.000000000000E+00
-4.685610294342E+00   5.000000000000E+00
-4.678690433502E+00   4.000000000000E+00
-4.671771049500E+00   2.000000000000E+00
-4.664851188660E+00   2.000000000000E+00
-4.657931804657E+00   2.000000000000E+00
-4.651011943817E+00   2.000000000000E+00
-4.644092559814E+00   2.000000000000E+00
-4.637172698975E+00   0.000000000000E+00
-4.630253314972E+00   6.000000000000E+00
-4.623333454132E+00   1.000000000000E+00
-4.616414070129E+00   5.000000000000E+00
-4.609494209290E+00   7.000000000000E+00
-4.602574825287E+00   3.000000000000E+00
-4.595654964447E+00   8.000000000000E+00
-4.588735580444E+00   3.000000000000E+00
-4.581815719604E+00   2.000000000000E+00
-4.574896335602E+00   4.000000000000E+00
-4.567976474762E+00   4.000000000000E+00
-4.561057090759E+00   3.000000000000E+00
-4.554137229919E+00   6.000000000000E+00
-4.547217845917E+00   6.000000000000E+00
-4.540297985077E+00   2.000000000000E+00
-4.533378601074E+00   6.000000000000E+00
-4.526458740234E+00   6.000000000000E+00
-4.519539356232E+00   4.000000000000E+00
-4.512619495392E+00   3.000000000000E+00
-4.505700111389E+00   5.000000000000E+00
-4.498780250549E+00   3.000000000000E+00
-4.491860866547E+00   1.000000000000E+00
-4.484941005707E+00   3.000000000000E+00
-4.478021621704E+00   5.000000000000E+00
-4.471101760864E+00   5.000000000000E+00
-4.464182376862E+00   1.000000000000E+00
-4.457262516022E+00   3.000000000000E+00
-4.450343132019E+00   1.200000000000E+01
-4.443423271179E+00   3.000000000000E+00
-4.436503887177E+00   3.000000000000E+00
-4.429584026337E+00   5.000000000000E+00
-4.422664642334E+00   6.000000000000E+00
-4.415745258331E+00   7.000000000000E+00
-4.408825397491E+00   9.000000000000E+00
-4.401906013489E+00   4.000000000000E+00
-4.394986152649E+00   4.000000000000E+00
-4.388066768646E+00   1.100000000000E+01
-4.381146907806E+00   8.000000000000E+00
-4.374227523804E+00   8.000000000000E+00
-4.367307662964E+00   1.100000000000E+01
-4.360388278961E+00   6.000000000000E+00
-4.353468418121E+00   4.000000000000E+00
-4.346549034119E+00   8.000000000000E+00
-4.339629173279E+00   1.100000000000E+01
-4.332709789276E+00   1.100000000000E+01
-4.325789928436E+00   1.100000000000E+01
-4.318870544434E+00   8.000000000000E+00
-4.311950683594E+00   1.600000000000E+01
-4.305031299591E+00   1.500000000000E+01
-4.298111438751E+00   1.100000000000E+01
-4.291192054749E+00   1.100000000000E+01
-4.284272193909E+00   7.000000000000E+00
-4.277352809906E+00   1.400000000000E+01
-4.270432949066E+00   4.000000000000E+00
-4.263513565063E+00   9.000000000000E+00
-4.256593704224E+00   4.000000000000E+00
-4.249674320221E+00   8.000000000000E+00
-4.242754459381E+00   9.000000000000E+00
-4.235835075378E+00   1.800000000000E+01
-4.228915214539E+00   1.100000000000E+01
-4.221995830536E+00   7.000000000000E+00
-4.215075969696E+00   1.300000000000E+01
-4.208156585693E+00   1.200000000000E+01
-4.201236724854E+00   6.000000000000E+00
-4.194317340851E+00   1.500000000000E+01
-4.187397480011E+00   2.600000000000E+01
-4.180478096008E+00   3.000000000000E+01
-4.173558235168E+00   2.300000000000E+01
-4.166638851166E+00   1.700000000000E+01
-4.159718990326E+00   1.500000000000E+01
-4.152799606323E+00   1.600000000000E+01
-4.145879745483E+00   1.200000000000E+01
-4.138960361481E+00   1.800000000000E+01
-4.132040500641E+00   1.800000000000E+01
-4.125121116638E+00   1.500000000000E+01
-4.118201255798E+00   9.000000000000E+00
-4.111281871796E+00   1.800000000000E+01
-4.104362010956E+00   1.700000000000E+01
-4.097442626953E+00   1.500000000000E+01
-4.090522766113E+00   1.500000000000E+01
-4.083603382111E+00   1.500000000000E+01
-4.076683521271E+00   1.600000000000E+01
-4.069764137268E+00   2.100000000000E+01
-4.062844276428E+00   1.900000000000E+01
-4.055924892426E+00   1.900000000000E+01
-4.049005031586E+00   2.200000000000E+01
-4.042085647583E+00   2.000000000000E+01
-4.035165786743E+00   2.300000000000E+01
-4.028246402740E+00   2.500000000000E+01
-4.021326541901E+00   1.000000000000E+01
-4.014407157898E+00   2.200000000000E+01
-4.007487297058E+00   2.300000000000E+01
-4.000567913055E+00   1.300000000000E+01
-3.993648290634E+00   1.500000000000E+01
-3.986728668213E+00   1.500000000000E+01
-3.979809045792E+00   2.600000000000E+01
-3.972889423370E+00   2.300000000000E+01
-3.965969800949E+00   1.700000000000E+01
-3.959050178528E+00   2.100000000000E+01
-3.952130556107E+00   2.300000000000E+01
-3.945210933685E+00   2.800000000000E+01
-3.938291311264E+00   2.500000000000E+01
-3.931371688843E+00   1.400000000000E+01
-3.924452066422E+00   2.000000000000E+01
-3.917532444000E+00   3.100000000000E+01
-3.910612821579E+00   1.600000000000E+01
-3.903693199158E+00   2.600000000000E+01
-3.896773576736E+00   3.100000000000E+01
-3.889853954315E+00   2.400000000000E+01
-3.882934331894E+00   2.600000000000E+01
-3.876014709473E+00   2.200000000000E+01
-3.869095087051E+00   2.700000000000E+01
-3.862175464630E+00   2.900000000000E+01
-3.855255842209E+00   3.000000000000E+01
-3.848336219788E+00   2.800000000000E+01
-3.841416597366E+00   3.000000000000E+01
-3.834496974945E+00   4.100000000000E+01
-3.827577352524E+00   3.300000000000E+01
-3.820657730103E+00   3.900000000000E+01
-3.813738107681E+00   4.200000000000E+01
-3.806818485260E+00   4.300000000000E+01
-3.799898862839E+00   4.400000000000E+01
-3.792979240417E+00   4.200000000000E+01
-3.786059617996E+00   2.900000000000E+01
-3.779139995575E+00   3.600000000000E+01
-3.772220373154E+00   3.200000000000E+01
-3.765300750732E+00   3.000000000000E+01
-3.758381128311E+00   4.300000000000E+01
-3.751461505890E+00   4.200000000000E+01
-3.744541883469E+00   3.900000000000E+01
-3.737622261047E+00   3.200000000000E+01
-3.730702638626E+00   4.200000000000E+01
-3.723783016205E+00   3.800000000000E+01
-3.716863393784E+00   4.500000000000E+01
-3.709943771362E+00   3.500000000000E+01
-3.703024148941E+00   4.400000000000E+01
-3.696104526520E+00   4.000000000000E+01
-3.689184904099E+00   4.500000000000E+01
-3.682265281677E+00   4.600000000000E+01
-3.675345659256E+00   4.600000000000E+01
-3.668426036835E+00   5.800000000000E+01
-3.661506414413E+00   3.900000000000E+01
-3.654586791992E+00   5.600000000000E+01
-3.647667169571E+00   5.000000000000E+01
-3.640747547150E+00   4.900000000000E+01
-3.633827924728E+00   4.500000000000E+01
-3.626908302307E+00   6.300000000000E+01
-3.619988679886E+00   4.300000000000E+01
-3.613069057465E+00   5.600000000000E+01
-3.606149435043E+00   5.000000000000E+01
-3.599229812622E+00   7.500000000000E+01
-3.592310190201E+00   5.200000000000E+01
-3.585390567780E+00   7.000000000000E+01
-3.578470945358E+00   5.800000000000E+01
-3.571551322937E+00   5.800000000000E+01
-3.564631700516E+00   6.200000000000E+01
-3.557712078094E+00   6.100000000000E+01
-3.550792455673E+00   6.400000000000E+01
-3.543872833252E+00   5.600000000000E+01
-3.536953210831E+00   6.000000000000E+01
-3.530033588409E+00   5.500000000000E+01
-3.523113965988E+00   7.800000000000E+01
-3.516194343567E+00   8.300000000000E+01
-3.509274721146E+00   8.000000000000E+01
-3.502355098724E+00   7.400000000000E+01
-3.495435476303E+00   6.800000000000E+01
-3.488515853882E+00   5.800000000000E+01
-3.481596231461E+00   9.100000000000E+01
-3.474676609039E+00   8.400000000000E+01
-3.467756986618E+00   8.400000000000E+01
-3.460837364197E+00   9.200000000000E+01
-3.453917741776E+00   8.400000000000E+01
-3.446998119354E+00   8.000000000000E+01
-3.440078496933E+00   8.000000000000E+01
-3.433158874512E+00   9.400000000000E+01
-3.426239252090E+00   1.030000000000E+02
-3.419319629669E+00   1.030000000000E+02
-3.412400007248E+00   9.400000000000E+01
-3.405480384827E+00   1.010000000000E+02
-3.398560762405E+00   1.090000000000E+02
-3.391641139984E+00   1.120000000000E+02
-3.384721517563E+00   1.030000000000E+02
-3.377801895142E+00   8.900000000000E+01
-3.370882272720E+00   9.700000000000E+01
-3.363962650299E+00   1.060000000000E+02
-3.357043027878E+00   1.330000000000E+02
-3.350123405457E+00   1.090000000000E+02
-3.343203783035E+00   1.370000000000E+02
-3.336284160614E+00   1.250000000000E+02
-3.329364538193E+00   1.210000000000E+02
-3.322444915771E+00   1.320000000000E+02
-3.315525293350E+00   1.370000000000E+02
-3.308605909348E+00   1.430000000000E+02
-3.301686286926E+00   1.210000000000E+02
-3.294766664505E+00   1.450000000000E+02
-3.287847042084E+00   1.530000000000E+02
-3.280927419662E+00   1.590000000000E+02
-3.274007797241E+00   1.680000000000E+02
-3.267088174820E+00   1.540000000000E+02
-3.260168552399E+00   1.650000000000E+02
-3.253248929977E+00   1.460000000000E+02
-3.246329307556E+00   1.610000000000E+02
-3.239409685135E+00   1.660000000000E+02
-3.232490062714E+00   1.610000000000E+02
-3.225570440292E+00   1.720000000000E+02
-3.218650817871E+00   1.450000000000E+02
-3.211731195450E+00   1.800000000000E+02
-3.204811573029E+00   1.640000000000E+02
-3.197891950607E+00   1.730000000000E+02
-3.190972328186E+00   1.850000000000E+02
-3.184052705765E+00   1.770000000000E+02
-3.177133083344E+00   1.950000000000E+02
-3.170213460922E+00   1.580000000000E+02
-3.163293838501E+00   2.030000000000E+02
-3.156374216080E+00   1.820000000000E+02
-3.149454593658E+00   1.950000000000E+02
-3.142534971237E+00   1.750000000000E+02
-3.135615348816E+00   2.050000000000E+02
-3.128695726395E+00   2.040000000000E+02
-3.121776103973E+00   1.950000000000E+02
-3.114856481552E+00   2.020000000000E+02
-3.107936859131E+00   1.950000000000E+02
-3.101017236710E+00   2.140000000000E+02
-3.094097614288E+00   2.040000000000E+02
-3.087177991867E+00   2.170000000000E+02
-3.080258369446E+00   2.130000000000E+02
-3.073338747025E+00   2.460000000000E+02
-3.066419124603E+00   2.250000000000E+02
-3.059499502182E+00   2.430000000000E+02
-3.052579879761E+00   2.360000000000E+02
-3.045660257339E+00   2.380000000000E+02
-3.038740634918E+00   2.590000000000E+02
-3.031821012497E+00   2.420000000000E+02
-3.024901390076E+00   2.790000000000E+02
-3.017981767654E+00   2.600000000000E+02
-3.011062145233E+00   2.370000000000E+02
-3.004142522812E+00   2.490000000000E+02
-2.997222900391E+00   2.880000000000E+02
-2.990303277969E+00   3.070000000000E+02
-2.983383655548E+00   2.770000000000E+02
-2.976464033127E+00   2.960000000000E+02
-2.969544410706E+00   2.930000000000E+02
-2.962624788284E+00   2.840000000000E+02
-2.955705165863E+00   3.110000000000E+02
-2.948785543442E+00   2.720000000000E+02
-2.941865921021E+00   2.940000000000E+02
-2.934946298599E+00   3.040000000000E+02
-2.928026676178E+00   3.040000000000E+02
-2.921107053757E+00   3.160000000000E+02
-2.914187431335E+00   3.220000000000E+02
-2.907267808914E+00   3.150000000000E+02
-2.900348186493E+00   3.080000000000E+02
-2.893428564072E+00   3.150000000000E+02
-2.886508941650E+00   3.280000000000E+02
-2.879589319229E+00   3.070000000000E+02
-2.872669696808E+00   3.200000000000E+02
-2.865750074387E+00   3.420000000000E+02
-2.858830451965E+00   3.320000000000E+02
-2.851910829544E+00   3.340000000000E+02
-2.844991207123E+00   3.540000000000E+02
-2.838071584702E+00   3.530000000000E+02
-2.831151962280E+00   3.690000000000E+02
-2.824232339859E+00   3.570000000000E+02
-2.817312717438E+00   3.740000000000E+02
-2.810393095016E+00   3.740000000000E+02
-2.803473472595E+00   3.560000000000E+02
-2.796553850174E+00   4.040000000000E+02
-2.789634227753E+00   3.770000000000E+02
-2.782714605331E+00   3.780000000000E+02
-2.775794982910E+00   3.950000000000E+02
-2.768875360489E+00   4.350000000000E+02
-2.761955738068E+00   4.110000000000E+02
-2.755036115646E+00   3.970000000000E+02
-2.748116493225E+00   4.560000000000E+02
-2.741196870804E+00   4.230000000000E+02
-2.734277248383E+00   4.480000000000E+02
-2.727357625961E+00   4.910000000000E+02
-2.720438003540E+00   4.750000000000E+02
-2.713518381119E+00   4.800000000000E+02
-2.706598758698E+00   4.750000000000E+02
-2.699679136276E+00   4.910000000000E+02
-2.692759513855E+00   5.000000000000E+02
-2.685839891434E+00   4.910000000000E+02
-2.678920269012E+00   5.320000000000E+02
-2.672000646591E+00   5.210000000000E+02
-2.665081024170E+00   5.200000000000E+02
-2.658161401749E+00   5.510000000000E+02
-2.651241779327E+00   5.350000000000E+02
-2.644322156906E+00   5.230000000000E+02
-2.637402534485E+00   5.260000000000E+02
-2.630482912064E+00   5.350000000000E+02
-2.623563289642E+00   5.510000000000E+02
-2.616643667221E+00   5.850000000000E+02
-2.609724044800E+00   5.350000000000E+02
-2.602804422379E+00   6.080000000000E+02
-2.595884799957E+00   5.410000000000E+02
-2.588965177536E+00   5.790000000000E+02
-2.582045555115E+00   6.300000000000E+02
-2.575126171112E+00   6.110000000000E+02
-2.568206548691E+00   6.320000000000E+02
-2.561286926270E+00   5.840000000000E+02
-2.554367303848E+00   6.420000000000E+02
-2.547447681427E+00   6.750000000000E+02
-2.540528059006E+00   6.390000000000E+02
-2.533608436584E+00   6.550000000000E+02
-2.526688814163E+00   6.520000000000E+02
-2.519769191742E+00   6.510000000000E+02
-2.512849569321E+00   6.700000000000E+02
-2.505929946899E+00   7.240000000000E+02
-2.499010324478E+00   6.890000000000E+02
-2.492090702057E+00   6.830000000000E+02
-2.485171079636E+00   7.210000000000E+02
-2.478251457214E+00   6.810000000000E+02
-2.471331834793E+00   7.100000000000E+02
-2.464412212372E+00   7.320000000000E+02
-2.457492589951E+00   7.560000000000E+02
-2.450572967529E+00   7.480000000000E+02
-2.443653345108E+00   7.890000000000E+02
-2.436733722687E+00   7.880000000000E+02
-2.429814100266E+00   7.840000000000E+02
-2.422894477844E+00   8.330000000000E+02
-2.415974855423E+00   7.930000000000E+02
-2.409055233002E+00   7.950000000000E+02
-2.402135610580E+00   8.210000000000E+02
-2.395215988159E+00   8.340000000000E+02
-2.388296365738E+00   8.370000000000E+02
-2.381376743317E+00   8.180000000000E+02
-2.374457120895E+00   8.200000000000E+02
-2.367537498474E+00   8.200000000000E+02
-2.360617876053E+00   8.290000000000E+02
-2.353698253632E+00   8.200000000000E+02
-2.346778631210E+00   8.880000000000E+02
-2.339859008789E+00   8.940000000000E+02
-2.332939386368E+00   9.320000000000E+02
-2.326019763947E+00   9.140000000000E+02
-2.319100141525E+00   9.160000000000E+02
-2.312180519104E+00   8.840000000000E+02
-2.305260896683E+00   9.740000000000E+02
-2.298341274261E+00   9.390000000000E+02
-2.291421651840E+00   9.170000000000E+02
-2.284502029419E+00   9.460000000000E+02
-2.277582406998E+00   9.370000000000E+02
-2.270662784576E+00   9.510000000000E+02
-2.263743162155E+00   9.730000000000E+02
-2.256823539734E+00   9.360000000000E+02
-2.249903917313E+00   1.006000000000E+03
-2.242984294891E+00   1.056000000000E+03
-2.236064672470E+00   1.047000000000E+03
-2.229145050049E+00   1.032000000000E+03
-2.222225427628E+00   1.050000000000E+03
-2.215305805206E+00   1.065000000000E+03
-2.208386182785E+00   1.058000000000E+03
-2.201466560364E+00   1.105000000000E+03
-2.194546937943E+00   1.024000000000E+03
-2.187627315521E+00   1.048000000000E+03
-2.180707693100E+00   1.118000000000E+03
-2.173788070679E+00   1.125000000000E+03
-2.166868448257E+00   1.110000000000E+03
-2.159948825836E+00   1.135000000000E+03
-2.153029203415E+00   1.135000000000E+03
-2.146109580994E+00   1.175000000000E+03
-2.139189958572E+00   1.141000000000E+03
-2.132270336151E+00   1.130000000000E+03
-2.125350713730E+00   1.218000000000E+03
-2.118431091309E+00   1.204000000000E+03
-2.111511468887E+00   1.168000000000E+03
-2.104591846466E+00   1.231000000000E+03
-2.097672224045E+00   1.228000000000E+03
-2.090752601624E+00   1.182000000000E+03
-2.083832979202E+00   1.239000000000E+03
-2.076913356781E+00   1.302000000000E+03
-2.069993734360E+00   1.290000000000E+03
-2.063074111938E+00   1.375000000000E+03
-2.056154489517E+00   1.324000000000E+03
-2.049234867096E+00   1.355000000000E+03
-2.042315244675E+00   1.296000000000E+03
-2.035395622253E+00   1.350000000000E+03
-2.028475999832E+00   1.321000000000E+03
-2.021556377411E+00   1.408000000000E+03
-2.014636754990E+00   1.386000000000E+03
-2.007717132568E+00   1.463000000000E+03
-2.000797510147E+00   1.441000000000E+03
-1.993878006935E+00   1.439000000000E+03
-1.986958384514E+00   1.421000000000E+03
-1.980038762093E+00   1.456000000000E+03
-1.973119139671E+00   1.451000000000E+03
-1.966199517250E+00   1.480000000000E+03
-1.959279894829E+00   1.520000000000E+03
-1.952360272408E+00   1.432000000000E+03
-1.945440649986E+00   1.554000000000E+03
-1.938521027565E+00   1.582000000000E+03
-1.931601405144E+00   1.549000000000E+03
-1.924681782722E+00   1.550000000000E+03
-1.917762160301E+00   1.552000000000E+03
-1.910842537880E+00   1.566000000000E+03
-1.903922915459E+00   1.604000000000E+03
-1.897003293037E+00   1.609000000000E+03
-1.890083670616E+00   1.675000000000E+03
-1.883164048195E+00   1.635000000000E+03
-1.876244425774E+00   1.689000000000E+03
-1.869324803352E+00   1.714000000000E+03
-1.862405180931E+00   1.743000000000E+03
-1.855485558510E+00   1.718000000000E+03
-1.848565936089E+00   1.797000000000E+03
-1.841646313667E+00   1.706000000000E+03
-1.834726691246E+00   1.739000000000E+03
-1.827807068825E+00   1.696000000000E+03
-1.820887446404E+00   1.777000000000E+03
-1.813967823982E+00   1.833000000000E+03
-1.807048201561E+00   1.890000000000E+03
-1.800128579140E+00   1.865000000000E+03
-1.793208956718E+00   1.927000000000E+03
-1.786289334297E+00   1.858000000000E+03
-1.779369711876E+00   1.888000000000E+03
-1.772450089455E+00   1.966000000000E+03
-1.765530467033E+00   1.968000000000E+03
-1.758610844612E+00   1.965000000000E+03
-1.751691222191E+00   1.953000000000E+03
-1.744771599770E+00   1.944000000000E+03
-1.737851977348E+00   1.998000000000E+03
-1.730932354927E+00   2.052000000000E+03
-1.724012732506E+00   2.061000000000E+03
-1.717093110085E+00   2.022000000000E+03
-1.710173487663E+00   2.121000000000E+03
-1.703253865242E+00   2.114000000000E+03
-1.696334242821E+00   2.101000000000E+03
-1.689414620399E+00   2.116000000000E+03
-1.682494997978E+00   2.169000000000E+03
-1.675575375557E+00   2.193000000000E+03
-1.668655753136E+00   2.130000000000E+03
-1.661736130714E+00   2.200000000000E+03
-1.654816508293E+00   2.210000000000E+03
-1.647897005081E+00   2.215000000000E+03
-1.640977382660E+00   2.232000000000E+03
-1.634057760239E+00   2.247000000000E+03
-1.627138137817E+00   2.325000000000E+03
-1.620218515396E+00   2.245000000000E+03
-1.613298892975E+00   2.360000000000E+03
-1.606379270554E+00   2.385000000000E+03
-1.599459648132E+00   2.343000000000E+03
-1.592540025711E+00   2.414000000000E+03
-1.585620403290E+00   2.276000000000E+03
-1.578700780869E+00   2.456000000000E+03
-1.571781158447E+00   2.509000000000E+03
-1.564861536026E+00   2.480000000000E+03
-1.557941913605E+00   2.571000000000E+03
-1.551022291183E+00   2.431000000000E+03
-1.544102668762E+00   2.511000000000E+03
-1.537183046341E+00   2.552000000000E+03
-1.530263423920E+00   2.474000000000E+03
-1.523343801498E+00   2.477000000000E+03
-1.516424179077E+00   2.562000000000E+03
-1.509504556656E+00   2.612000000000E+03
-1.502584934235E+00   2.691000000000E+03
-1.495665311813E+00   2.667000000000E+03
-1.488745689392E+00   2.676000000000E+03
-1.481826066971E+00   2.654000000000E+03
-1.474906444550E+00   2.768000000000E+03
-1.467986822128E+00   2.657000000000E+03
-1.461067199707E+00   2.780000000000E+03
-1.454147577286E+00   2.748000000000E+03
-1.447227954865E+00   2.722000000000E+03
-1.440308332443E+00   2.883000000000E+03
-1.433388710022E+00   2.867000000000E+03
-1.426469087601E+00   2.836000000000E+03
-1.419549465179E+00   2.829000000000E+03
-1.412629842758E+00   2.802000000000E+03
-1.405710220337E+00   2.840000000000E+03
-1.398790597916E+00   2.844000000000E+03
-1.391870975494E+00   2.836000000000E+03
-1.384951353073E+00   2.905000000000E+03
-1.378031730652E+00   2.813000000000E+03
-1.371112108231E+00   2.898000000000E+03
-1.364192485809E+00   2.933000000000E+03
-1.357272863388E+00   3.029000000000E+03
-1.350353240967E+00   3.062000000000E+03
-1.343433618546E+00   3.028000000000E+03
-1.336513996124E+00   3.047000000000E+03
-1.329594373703E+00   3.092000000000E+03
-1.322674751282E+00   3.230000000000E+03
-1.315755128860E+00   3.028000000000E+03
-1.308835506439E+00   3.166000000000E+03
-1.301915884018E+00   3.136000000000E+03
-1.294996261597E+00   3.197000000000E+03
-1.288076639175E+00   3.219000000000E+03
-1.281157135963E+00   3.182000000000E+03
-1.274237513542E+00   3.256000000000E+03
-1.267317891121E+00   3.218000000000E+03
-1.260398268700E+00   3.387000000000E+03
-1.253478646278E+00   3.348000000000E+03
-1.246559023857E+00   3.358000000000E+03
-1.239639401436E+00   3.349000000000E+03
-1.232719779015E+00   3.336000000000E+03
-1.225800156593E+00   3.399000000000E+03
-1.218880534172E+00   3.398000000000E+03
-1.211960911751E+00   3.415000000000E+03
-1.205041289330E+00   3.312000000000E+03
-1.198121666908E+00   3.394000000000E+03
-1.191202044487E+00   3.475000000000E+03
-1.184282422066E+00   3.511000000000E+03
-1.177362799644E+00   3.552000000000E+03
-1.170443177223E+00   3.466000000000E+03
-1.163523554802E+00   3.486000000000E+03
-1.156603932381E+00   3.492000000000E+03
-1.149684309959E+00   3.502000000000E+03
-1.142764687538E+00   3.669000000000E+03
-1.135845065117E+00   3.565000000000E+03
-1.128925442696E+00   3.600000000000E+03
-1.122005820274E+00   3.620000000000E+03
-1.115086197853E+00   3.573000000000E+03
-1.108166575432E+00   3.567000000000E+03
-1.101246953011E+00   3.724000000000E+03
-1.094327330589E+00   3.652000000000E+03
-1.087407708168E+00   3.707000000000E+03
-1.080488085747E+00   3.709000000000E+03
-1.073568463326E+00   3.731000000000E+03
-1.066648840904E+00   3.866000000000E+03
-1.059729218483E+00   3.896000000000E+03
-1.052809596062E+00   3.960000000000E+03
-1.045889973640E+00   3.830000000000E+03
-1.038970351219E+00   3.849000000000E+03
-1.032050728798E+00   3.892000000000E+03
-1.025131106377E+00   4.053000000000E+03
-1.018211483955E+00   3.970000000000E+03
-1.011291861534E+00   3.989000000000E+03
-1.004372239113E+00   3.919000000000E+03
-9.974526762962E-01   3.917000000000E+03
-9.905330538750E-01   4.117000000000E+03
-9.836134314537E-01   4.156000000000E+03
-9.766938090324E-01   4.056000000000E+03
-9.697741866112E-01   4.189000000000E+03
-9.628545641899E-01   4.105000000000E+03
-9.559349417686E-01   4.174000000000E+03
-9.490153193474E-01   4.203000000000E+03
-9.420956969261E-01   4.182000000000E+03
-9.351760745049E-01   4.214000000000E+03
-9.282564520836E-01   4.319000000000E+03
-9.213368296623E-01   4.301000000000E+03
-9.144172072411E-01   4.324000000000E+03
-9.074975848198E-01   4.301000000000E+03
-9.005779623985E-01   4.295000000000E+03
-8.936583399773E-01   4.337000000000E+03
-8.867387175560E-01   4.370000000000E+03
-8.798190951347E-01   4.304000000000E+03
-8.728994727135E-01   4.360000000000E+03
-8.659798502922E-01   4.459000000000E+03
-8.590602278709E-01   4.459000000000E+03
-8.521406054497E-01   4.417000000000E+03
-8.452209830284E-01   4.482000000000E+03
-8.383013606071E-01   4.486000000000E+03
-8.313817381859E-01   4.457000000000E+03
-8.244621157646E-01   4.424000000000E+03
-8.175425529480E-01   4.593000000000E+03
-8.106229305267E-01   4.475000000000E+03
-8.037033081055E-01   4.664000000000E+03
-7.967836856842E-01   4.574000000000E+03
-7.898640632629E-01   4.559000000000E+03
-7.829444408417E-01   4.651000000000E+03
-7.760248184204E-01   4.620000000000E+03
-7.691051959991E-01   4.502000000000E+03
-7.621855735779E-01   4.844000000000E+03
-7.552659511566E-01   4.788000000000E+03
-7.483463287354E-01   4.828000000000E+03
-7.414267063141E-01   4.766000000000E+03
-7.345070838928E-01   4.711000000000E+03
-7.275874614716E-01   4.829000000000E+03
-7.206678390503E-01   4.752000000000E+03
-7.137482166290E-01   4.750000000000E+03
-7.068285942078E-01   4.813000000000E+03
-6.999089717865E-01   4.913000000000E+03
-6.929893493652E-01   5.024000000000E+03
-6.860697269440E-01   4.878000000000E+03
-6.791501045227E-01   4.807000000000E+03
-6.722304821014E-01   4.933000000000E+03
-6.653108596802E-01   4.933000000000E+03
-6.583912372589E-01   5.011000000000E+03
-6.514716148376E-01   4.888000000000E+03
-6.445519924164E-01   4.844000000000E+03
-6.376323699951E-01   4.927000000000E+03
-6.307128071785E-01   5.093000000000E+03
-6.237931847572E-01   5.053000000000E+03
-6.168735623360E-01   5.054000000000E+03
-6.099539399147E-01   4.889000000000E+03
-6.030343174934E-01   4.947000000000E+03
-5.961146950722E-01   5.119000000000E+03
-5.891950726509E-01   5.130000000000E+03
-5.822754502296E-01   5.116000000000E+03
-5.753558278084E-01   5.100000000000E+03
-5.684362053871E-01   5.126000000000E+03
-5.615165829659E-01   5.152000000000E+03
-5.545969605446E-01   5.058000000000E+03
-5.476773381233E-01   5.165000000000E+03
-5.407577157021E-01   5.098000000000E+03
-5.338380932808E-01   5.080000000000E+03
-5.269184708595E-01   5.115000000000E+03
-5.199988484383E-01   5.104000000000E+03
-5.130792260170E-01   5.195000000000E+03
-5.061596035957E-01   5.171000000000E+03
-4.992399811745E-01   5.207000000000E+03
-4.923203885555E-01   5.160000000000E+03
-4.854007661343E-01   5.223000000000E+03
-4.784811437130E-01   5.101000000000E+03
-4.715615212917E-01   5.351000000000E+03
-4.646418988705E-01   5.298000000000E+03
-4.577222764492E-01   5.201000000000E+03
-4.508026540279E-01   5.275000000000E+03
-4.438830316067E-01   5.391000000000E+03
-4.369634091854E-01   5.344000000000E+03
-4.300437867641E-01   5.324000000000E+03
-4.231241643429E-01   5.280000000000E+03
-4.162045419216E-01   5.344000000000E+03
-4.092849195004E-01   5.366000000000E+03
-4.023653268814E-01   5.387000000000E+03
-3.954457044601E-01   5.376000000000E+03
-3.885260820389E-01   5.441000000000E+03
-3.816064596176E-01   5.467000000000E+03
-3.746868371964E-01   5.582000000000E+03
-3.677672147751E-01   5.386000000000E+03
-3.608475923538E-01   5.574000000000E+03
-3.539279699326E-01   5.451000000000E+03
-3.470083475113E-01   5.358000000000E+03
-3.400887250900E-01   5.502000000000E+03
-3.331691026688E-01   5.414000000000E+03
-3.262494802475E-01   5.579000000000E+03
-3.193298578262E-01   5.381000000000E+03
-3.124102652073E-01   5.410000000000E+03
-3.054906427860E-01   5.337000000000E+03
-2.985710203648E-01   5.554000000000E+03
-2.916513979435E-01   5.604000000000E+03
-2.847317755222E-01   5.566000000000E+03
-2.778121531010E-01   5.488000000000E+03
-2.708925306797E-01   5.682000000000E+03
-2.639729082584E-01   5.604000000000E+03
-2.570532858372E-01   5.652000000000E+03
-2.501336634159E-01   5.568000000000E+03
-2.432140558958E-01   5.616000000000E+03
-2.362944334745E-01   5.677000000000E+03
-2.293748110533E-01   5.513000000000E+03
-2.224551886320E-01   5.598000000000E+03
-2.155355662107E-01   5.549000000000E+03
-2.086159437895E-01   5.677000000000E+03
-2.016963213682E-01   5.575000000000E+03
-1.947767138481E-01   5.683000000000E+03
-1.878570914268E-01   5.605000000000E+03
-1.809374690056E-01   5.644000000000E+03
-1.740178465843E-01   5.691000000000E+03
-1.670982241631E-01   5.685000000000E+03
-1.601786017418E-01   5.742000000000E+03
-1.532589793205E-01   5.691000000000E+03
-1.463393718004E-01   5.796000000000E+03
-1.394197493792E-01   5.773000000000E+03
-1.325001269579E-01   5.647000000000E+03
-1.255805045366E-01   5.686000000000E+03
-1.186608821154E-01   5.685000000000E+03
-1.117412671447E-01   5.830000000000E+03
-1.048216447234E-01   5.665000000000E+03
-9.790202230215E-02   5.786000000000E+03
-9.098240733147E-02   5.786000000000E+03
-8.406278491020E-02   5.700000000000E+03
-7.714316248894E-02   5.754000000000E+03
-7.022354751825E-02   5.811000000000E+03
-6.330392509699E-02   5.634000000000E+03
-5.638430267572E-02   5.741000000000E+03
-4.946468397975E-02   5.828000000000E+03
-4.254506528378E-02   5.712000000000E+03
-3.562544286251E-02   5.654000000000E+03
-2.870582230389E-02   5.809000000000E+03
-2.178620360792E-02   5.651000000000E+03
-1.486658304930E-02   5.744000000000E+03
-7.946962490678E-03   5.679000000000E+03
-1.027342397720E-03   5.682000000000E+03
 5.892277695239E-03   5.651000000000E+03
 1.281189825386E-02   5.776000000000E+03
 1.973151788116E-02   5.793000000000E+03
 2.665113843977E-02   5.664000000000E+03
 3.357075899839E-02   5.866000000000E+03
 4.049037769437E-02   5.740000000000E+03
 4.741000011563E-02   5.814000000000E+03
 5.432961881161E-02   5.679000000000E+03
 6.124923750758E-02   5.710000000000E+03
 6.816885620356E-02   5.603000000000E+03
 7.508847862482E-02   5.770000000000E+03
 8.200810104609E-02   5.852000000000E+03
 8.892772346735E-02   5.789000000000E+03
 9.584733843803E-02   5.793000000000E+03
 1.027669608593E-01   5.869000000000E+03
 1.096865832806E-01   5.650000000000E+03
 1.166061982512E-01   5.915000000000E+03
 1.235258206725E-01   5.600000000000E+03
 1.304454356432E-01   5.667000000000E+03
 1.373650580645E-01   5.698000000000E+03
 1.442846804857E-01   5.676000000000E+03
 1.512043029070E-01   5.648000000000E+03
 1.581239253283E-01   5.666000000000E+03
 1.650435477495E-01   5.638000000000E+03
 1.719631552696E-01   5.663000000000E+03
 1.788827776909E-01   5.636000000000E+03
 1.858024001122E-01   5.775000000000E+03
 1.927220225334E-01   5.928000000000E+03
 1.996416449547E-01   5.655000000000E+03
 2.065612673759E-01   5.603000000000E+03
 2.134808897972E-01   5.727000000000E+03
 2.204004973173E-01   5.490000000000E+03
 2.273201197386E-01   5.651000000000E+03
 2.342397421598E-01   5.591000000000E+03
 2.411593645811E-01   5.690000000000E+03
 2.480789870024E-01   5.661000000000E+03
 2.549985945225E-01   5.583000000000E+03
 2.619182169437E-01   5.680000000000E+03
 2.688378393650E-01   5.635000000000E+03
 2.757574617863E-01   5.717000000000E+03
 2.826770842075E-01   5.463000000000E+03
 2.895967066288E-01   5.577000000000E+03
 2.965163290501E-01   5.656000000000E+03
 3.034359514713E-01   5.648000000000E+03
 3.103555738926E-01   5.457000000000E+03
 3.172751963139E-01   5.577000000000E+03
 3.241948187351E-01   5.731000000000E+03
 3.311144411564E-01   5.551000000000E+03
 3.380340337753E-01   5.696000000000E+03
 3.449536561966E-01   5.493000000000E+03
 3.518732786179E-01   5.576000000000E+03
 3.587929010391E-01   5.509000000000E+03
 3.657125234604E-01   5.470000000000E+03
 3.726321458817E-01   5.416000000000E+03
 3.795517683029E-01   5.491000000000E+03
 3.864713907242E-01   5.512000000000E+03
 3.933910131454E-01   5.409000000000E+03
 4.003106355667E-01   5.414000000000E+03
 4.072302579880E-01   5.365000000000E+03
 4.141498804092E-01   5.406000000000E+03
 4.210695028305E-01   5.561000000000E+03
 4.279890954494E-01   5.289000000000E+03
 4.349087178707E-01   5.326000000000E+03
 4.418283402920E-01   5.377000000000E+03
 4.487479627132E-01   5.250000000000E+03
 4.556675851345E-01   5.328000000000E+03
 4.625872075558E-01   5.352000000000E+03
 4.695068299770E-01   5.268000000000E+03
 4.764264523983E-01   5.276000000000E+03
 4.833460748196E-01   5.239000000000E+03
 4.902656972408E-01   5.361000000000E+03
 4.971853196621E-01   5.171000000000E+03
 5.041049122810E-01   5.134000000000E+03
 5.110245347023E-01   5.080000000000E+03
 5.179441571236E-01   5.002000000000E+03
 5.248637795448E-01   5.091000000000E+03
 5.317834019661E-01   5.033000000000E+03
 5.387030243874E-01   5.217000000000E+03
 5.456226468086E-01   5.145000000000E+03
 5.525422692299E-01   5.095000000000E+03
 5.594618916512E-01   5.124000000000E+03
 5.663815140724E-01   5.080000000000E+03
 5.733011364937E-01   4.941000000000E+03
 5.802207589149E-01   4.998000000000E+03
 5.871403813362E-01   4.962000000000E+03
 5.940600037575E-01   5.046000000000E+03
 6.009796261787E-01   5.025000000000E+03
 6.078992486000E-01   4.993000000000E+03
 6.148188710213E-01   5.024000000000E+03
 6.217384934425E-01   4.890000000000E+03
 6.286581158638E-01   4.896000000000E+03
 6.355777382851E-01   4.982000000000E+03
 6.424973607063E-01   4.891000000000E+03
 6.494169831276E-01   4.913000000000E+03
 6.563365459442E-01   4.883000000000E+03
 6.632561683655E-01   4.833000000000E+03
 6.701757907867E-01   4.959000000000E+03
 6.770954132080E-01   4.825000000000E+03
 6.840150356293E-01   4.851000000000E+03
 6.909346580505E-01   4.694000000000E+03
 6.978542804718E-01   4.799000000000E+03
 7.047739028931E-01   4.825000000000E+03
 7.116935253143E-01   4.863000000000E+03
 7.186131477356E-01   4.816000000000E+03
 7.255327701569E-01   4.759000000000E+03
 7.324523925781E-01   4.719000000000E+03
 7.393720149994E-01   4.720000000000E+03
 7.462916374207E-01   4.804000000000E+03
 7.532112598419E-01   4.760000000000E+03
 7.601308822632E-01   4.751000000000E+03
 7.670505046844E-01   4.555000000000E+03
 7.739701271057E-01   4.642000000000E+03
 7.808897495270E-01   4.754000000000E+03
 7.878093719482E-01   4.639000000000E+03
 7.947289943695E-01   4.668000000000E+03
 8.016486167908E-01   4.718000000000E+03
 8.085682392120E-01   4.682000000000E+03
 8.154878616333E-01   4.622000000000E+03
 8.224074840546E-01   4.511000000000E+03
 8.293271064758E-01   4.633000000000E+03
 8.362467288971E-01   4.511000000000E+03
 8.431662917137E-01   4.491000000000E+03
 8.500859141350E-01   4.594000000000E+03
 8.570055365562E-01   4.577000000000E+03
 8.639251589775E-01   4.426000000000E+03
 8.708447813988E-01   4.565000000000E+03
 8.777644038200E-01   4.577000000000E+03
 8.846840262413E-01   4.335000000000E+03
 8.916036486626E-01   4.408000000000E+03
 8.985232710838E-01   4.427000000000E+03
 9.054428935051E-01   4.351000000000E+03
 9.123625159264E-01   4.410000000000E+03
 9.192821383476E-01   4.301000000000E+03
 9.262017607689E-01   4.342000000000E+03
 9.331213831902E-01   4.323000000000E+03
 9.400410056114E-01   4.125000000000E+03
 9.469606280327E-01   4.277000000000E+03
 9.538802504539E-01   4.194000000000E+03
 9.607998728752E-01   4.305000000000E+03
 9.677194952965E-01   4.363000000000E+03
 9.746391177177E-01   4.074000000000E+03
 9.815587401390E-01   4.073000000000E+03
 9.884783625603E-01   4.235000000000E+03
 9.953979849815E-01   4.106000000000E+03
 1.002317547798E+00   4.147000000000E+03
 1.009237170219E+00   4.216000000000E+03
 1.016156792641E+00   4.032000000000E+03
 1.023076415062E+00   3.976000000000E+03
 1.029996037483E+00   3.935000000000E+03
 1.036915659904E+00   4.057000000000E+03
 1.043835282326E+00   3.956000000000E+03
 1.050754904747E+00   3.981000000000E+03
 1.057674527168E+00   3.962000000000E+03
 1.064594149590E+00   3.912000000000E+03
 1.071513772011E+00   3.892000000000E+03
 1.078433394432E+00   3.932000000000E+03
 1.085353016853E+00   3.922000000000E+03
 1.092272639275E+00   3.914000000000E+03
 1.099192261696E+00   3.777000000000E+03
 1.106111884117E+00   3.823000000000E+03
 1.113031506538E+00   3.884000000000E+03
 1.119951128960E+00   3.806000000000E+03
 1.126870751381E+00   3.688000000000E+03
 1.133790373802E+00   3.743000000000E+03
 1.140709996223E+00   3.665000000000E+03
 1.147629618645E+00   3.609000000000E+03
 1.154549241066E+00   3.663000000000E+03
 1.161468863487E+00   3.691000000000E+03
 1.168388485909E+00   3.614000000000E+03
 1.175308108330E+00   3.635000000000E+03
 1.182227730751E+00   3.570000000000E+03
 1.189147353172E+00   3.528000000000E+03
 1.196066975594E+00   3.492000000000E+03
 1.202986598015E+00   3.580000000000E+03
 1.209906220436E+00   3.435000000000E+03
 1.216825842857E+00   3.399000000000E+03
 1.223745465279E+00   3.403000000000E+03
 1.230665087700E+00   3.465000000000E+03
 1.237584710121E+00   3.427000000000E+03
 1.244504332542E+00   3.376000000000E+03
 1.251423954964E+00   3.291000000000E+03
 1.258343577385E+00   3.304000000000E+03
 1.265263199806E+00   3.254000000000E+03
 1.272182822227E+00   3.339000000000E+03
 1.279102444649E+00   3.272000000000E+03
 1.286022067070E+00   3.255000000000E+03
 1.292941689491E+00   3.253000000000E+03
 1.299861311913E+00   3.166000000000E+03
 1.306780815125E+00   3.363000000000E+03
 1.313700437546E+00   3.207000000000E+03
 1.320620059967E+00   3.216000000000E+03
 1.327539682388E+00   3.062000000000E+03
 1.334459304810E+00   3.123000000000E+03
 1.341378927231E+00   3.104000000000E+03
 1.348298549652E+00   2.936000000000E+03
 1.355218172073E+00   2.978000000000E+03
 1.362137794495E+00   2.996000000000E+03
 1.369057416916E+00   3.034000000000E+03
 1.375977039337E+00   3.023000000000E+03
 1.382896661758E+00   2.961000000000E+03
 1.389816284180E+00   2.870000000000E+03
 1.396735906601E+00   2.902000000000E+03
 1.403655529022E+00   2.925000000000E+03
 1.410575151443E+00   2.837000000000E+03
 1.417494773865E+00   2.854000000000E+03
 1.424414396286E+00   2.861000000000E+03
 1.431334018707E+00   2.886000000000E+03
 1.438253641129E+00   2.755000000000E+03
 1.445173263550E+00   2.793000000000E+03
 1.452092885971E+00   2.800000000000E+03
 1.459012508392E+00   2.933000000000E+03
 1.465932130814E+00   2.731000000000E+03
 1.472851753235E+00   2.737000000000E+03
 1.479771375656E+00   2.787000000000E+03
 1.486690998077E+00   2.661000000000E+03
 1.493610620499E+00   2.720000000000E+03
 1.500530242920E+00   2.759000000000E+03
 1.507449865341E+00   2.633000000000E+03
 1.514369487762E+00   2.687000000000E+03
 1.521289110184E+00   2.612000000000E+03
 1.528208732605E+00   2.655000000000E+03
 1.535128355026E+00   2.652000000000E+03
 1.542047977448E+00   2.501000000000E+03
 1.548967599869E+00   2.556000000000E+03
 1.555887222290E+00   2.466000000000E+03
 1.562806844711E+00   2.537000000000E+03
 1.569726467133E+00   2.498000000000E+03
 1.576646089554E+00   2.528000000000E+03
 1.583565711975E+00   2.423000000000E+03
 1.590485334396E+00   2.403000000000E+03
 1.597404956818E+00   2.436000000000E+03
 1.604324579239E+00   2.369000000000E+03
 1.611244201660E+00   2.387000000000E+03
 1.618163824081E+00   2.322000000000E+03
 1.625083446503E+00   2.272000000000E+03
 1.632003068924E+00   2.314000000000E+03
 1.638922691345E+00   2.328000000000E+03
 1.645842313766E+00   2.296000000000E+03
 1.652761936188E+00   2.302000000000E+03
 1.659681558609E+00   2.184000000000E+03
 1.666601181030E+00   2.242000000000E+03
 1.673520684242E+00   2.136000000000E+03
 1.680440306664E+00   2.193000000000E+03
 1.687359929085E+00   2.180000000000E+03
 1.694279551506E+00   2.112000000000E+03
 1.701199173927E+00   2.074000000000E+03
 1.708118796349E+00   2.081000000000E+03
 1.715038418770E+00   2.072000000000E+03
 1.721958041191E+00   2.058000000000E+03
 1.728877663612E+00   2.046000000000E+03
 1.735797286034E+00   2.124000000000E+03
 1.742716908455E+00   2.050000000000E+03
 1.749636530876E+00   2.037000000000E+03
 1.756556153297E+00   2.002000000000E+03
 1.763475775719E+00   1.980000000000E+03
 1.770395398140E+00   1.908000000000E+03
 1.777315020561E+00   1.979000000000E+03
 1.784234642982E+00   1.924000000000E+03
 1.791154265404E+00   1.929000000000E+03
 1.798073887825E+00   1.869000000000E+03
 1.804993510246E+00   1.872000000000E+03
 1.811913132668E+00   1.841000000000E+03
 1.818832755089E+00   1.825000000000E+03
 1.825752377510E+00   1.884000000000E+03
 1.832671999931E+00   1.825000000000E+03
 1.839591622353E+00   1.804000000000E+03
 1.846511244774E+00   1.768000000000E+03
 1.853430867195E+00   1.864000000000E+03
 1.860350489616E+00   1.675000000000E+03
 1.867270112038E+00   1.717000000000E+03
 1.874189734459E+00   1.752000000000E+03
 1.881109356880E+00   1.681000000000E+03
 1.888028979301E+00   1.709000000000E+03
 1.894948601723E+00   1.691000000000E+03
 1.901868224144E+00   1.684000000000E+03
 1.908787846565E+00   1.697000000000E+03
 1.915707468987E+00   1.592000000000E+03
 1.922627091408E+00   1.664000000000E+03
 1.929546713829E+00   1.564000000000E+03
 1.936466336250E+00   1.574000000000E+03
 1.943385958672E+00   1.536000000000E+03
 1.950305581093E+00   1.612000000000E+03
 1.957225203514E+00   1.518000000000E+03
 1.964144825935E+00   1.537000000000E+03
 1.971064448357E+00   1.474000000000E+03
 1.977984070778E+00   1.478000000000E+03
 1.984903693199E+00   1.502000000000E+03
 1.991823315620E+00   1.561000000000E+03
 1.998742938042E+00   1.441000000000E+03
 2.005662441254E+00   1.496000000000E+03
 2.012582063675E+00   1.482000000000E+03
 2.019501686096E+00   1.441000000000E+03
 2.026421308517E+00   1.480000000000E+03
 2.033340930939E+00   1.432000000000E+03
 2.040260553360E+00   1.419000000000E+03
 2.047180175781E+00   1.411000000000E+03
 2.054099798203E+00   1.351000000000E+03
 2.061019420624E+00   1.379000000000E+03
 2.067939043045E+00   1.431000000000E+03
 2.074858665466E+00   1.386000000000E+03
 2.081778287888E+00   1.312000000000E+03
 2.088697910309E+00   1.309000000000E+03
 2.095617532730E+00   1.315000000000E+03
 2.102537155151E+00   1.268000000000E+03
 2.109456777573E+00   1.306000000000E+03
 2.116376399994E+00   1.281000000000E+03
 2.123296022415E+00   1.302000000000E+03
 2.130215644836E+00   1.278000000000E+03
 2.137135267258E+00   1.272000000000E+03
 2.144054889679E+00   1.255000000000E+03
 2.150974512100E+00   1.248000000000E+03
 2.157894134521E+00   1.209000000000E+03
 2.164813756943E+00   1.113000000000E+03
 2.171733379364E+00   1.225000000000E+03
 2.178653001785E+00   1.125000000000E+03
 2.185572624207E+00   1.115000000000E+03
 2.192492246628E+00   1.068000000000E+03
 2.199411869049E+00   1.057000000000E+03
 2.206331491470E+00   1.093000000000E+03
 2.213251113892E+00   1.056000000000E+03
 2.220170736313E+00   1.067000000000E+03
 2.227090358734E+00   1.033000000000E+03
 2.234009981155E+00   1.013000000000E+03
 2.240929603577E+00   1.086000000000E+03
 2.247849225998E+00   1.037000000000E+03
 2.254768848419E+00   9.600000000000E+02
 2.261688470840E+00   9.830000000000E+02
 2.268608093262E+00   9.940000000000E+02
 2.275527715683E+00   9.140000000000E+02
 2.282447338104E+00   8.820000000000E+02
 2.289366960526E+00   8.980000000000E+02
 2.296286582947E+00   9.040000000000E+02
 2.303206205368E+00   9.280000000000E+02
 2.310125827789E+00   8.900000000000E+02
 2.317045450211E+00   9.210000000000E+02
 2.323965072632E+00   9.020000000000E+02
 2.330884695053E+00   9.120000000000E+02
 2.337804317474E+00   8.570000000000E+02
 2.344723939896E+00   8.940000000000E+02
 2.351643562317E+00   8.400000000000E+02
 2.358563184738E+00   8.270000000000E+02
 2.365482807159E+00   8.400000000000E+02
 2.372402429581E+00   8.300000000000E+02
 2.379322052002E+00   8.470000000000E+02
 2.386241674423E+00   7.970000000000E+02
 2.393161296844E+00   8.020000000000E+02
 2.400080919266E+00   8.000000000000E+02
 2.407000541687E+00   8.060000000000E+02
 2.413920164108E+00   7.830000000000E+02
 2.420839786530E+00   7.120000000000E+02
 2.427759408951E+00   7.670000000000E+02
 2.434679031372E+00   7.240000000000E+02
 2.441598653793E+00   7.120000000000E+02
 2.448518276215E+00   7.710000000000E+02
 2.455437898636E+00   7.810000000000E+02
 2.462357521057E+00   7.290000000000E+02
 2.469277143478E+00   7.320000000000E+02
 2.476196765900E+00   7.340000000000E+02
 2.483116388321E+00   7.190000000000E+02
 2.490036010742E+00   7.010000000000E+02
 2.496955633163E+00   6.850000000000E+02
 2.503875255585E+00   6.860000000000E+02
 2.510794878006E+00   6.600000000000E+02
 2.517714500427E+00   6.670000000000E+02
 2.524634122849E+00   6.570000000000E+02
 2.531553745270E+00   6.780000000000E+02
 2.538473367691E+00   6.270000000000E+02
 2.545392990112E+00   5.820000000000E+02
 2.552312612534E+00   5.980000000000E+02
 2.559232234955E+00   6.020000000000E+02
 2.566151857376E+00   5.620000000000E+02
 2.573071479797E+00   5.690000000000E+02
 2.579991102219E+00   6.000000000000E+02
 2.586910724640E+00   5.590000000000E+02
 2.593830347061E+00   5.960000000000E+02
 2.600749731064E+00   5.970000000000E+02
 2.607669353485E+00   5.690000000000E+02
 2.614588975906E+00   5.230000000000E+02
 2.621508598328E+00   5.560000000000E+02
 2.628428220749E+00   6.330000000000E+02
 2.635347843170E+00   5.650000000000E+02
 2.642267465591E+00   5.650000000000E+02
 2.649187088013E+00   4.760000000000E+02
 2.656106710434E+00   5.380000000000E+02
 2.663026332855E+00   5.130000000000E+02
 2.669945955276E+00   4.880000000000E+02
 2.676865577698E+00   4.730000000000E+02
 2.683785200119E+00   4.630000000000E+02
 2.690704822540E+00   5.110000000000E+02
 2.697624444962E+00   4.890000000000E+02
 2.704544067383E+00   4.620000000000E+02
 2.711463689804E+00   5.060000000000E+02
 2.718383312225E+00   4.620000000000E+02
 2.725302934647E+00   4.200000000000E+02
 2.732222557068E+00   4.440000000000E+02
 2.739142179489E+00   4.050000000000E+02
 2.746061801910E+00   4.240000000000E+02
 2.752981424332E+00   4.280000000000E+02
 2.759901046753E+00   3.950000000000E+02
 2.766820669174E+00   3.910000000000E+02
 2.773740291595E+00   3.780000000000E+02
 2.780659914017E+00   3.850000000000E+02
 2.787579536438E+00   4.010000000000E+02
 2.794499158859E+00   4.000000000000E+02
 2.801418781281E+00   3.650000000000E+02
 2.808338403702E+00   3.940000000000E+02
 2.815258026123E+00   3.800000000000E+02
 2.822177648544E+00   3.900000000000E+02
 2.829097270966E+00   3.730000000000E+02
 2.836016893387E+00   3.800000000000E+02
 2.842936515808E+00   3.480000000000E+02
 2.849856138229E+00   3.400000000000E+02
 2.856775760651E+00   3.610000000000E+02
 2.863695383072E+00   3.280000000000E+02
 2.870615005493E+00   3.260000000000E+02
 2.877534627914E+00   3.480000000000E+02
 2.884454250336E+00   3.550000000000E+02
 2.891373872757E+00   3.410000000000E+02
 2.898293495178E+00   2.820000000000E+02
 2.905213117599E+00   3.330000000000E+02
 2.912132740021E+00   3.440000000000E+02
 2.919052362442E+00   3.150000000000E+02
 2.925971984863E+00   3.150000000000E+02
 2.932891607285E+00   2.950000000000E+02
 2.939811229706E+00   2.920000000000E+02
 2.946730852127E+00   2.850000000000E+02
 2.953650474548E+00   2.960000000000E+02
 2.960570096970E+00   2.870000000000E+02
 2.967489719391E+00   2.820000000000E+02
 2.974409341812E+00   3.170000000000E+02
 2.981328964233E+00   2.700000000000E+02
 2.988248586655E+00   2.530000000000E+02
 2.995168209076E+00   2.540000000000E+02
 3.002087831497E+00   2.660000000000E+02
 3.009007453918E+00   2.480000000000E+02
 3.015927076340E+00   2.250000000000E+02
 3.022846698761E+00   2.470000000000E+02
 3.029766321182E+00   2.700000000000E+02
 3.036685943604E+00   2.140000000000E+02
 3.043605566025E+00   2.380000000000E+02
 3.050525188446E+00   2.540000000000E+02
 3.057444810867E+00   2.560000000000E+02
 3.064364433289E+00   2.170000000000E+02
 3.071284055710E+00   2.270000000000E+02
 3.078203678131E+00   2.030000000000E+02
 3.085123300552E+00   2.260000000000E+02
 3.092042922974E+00   2.140000000000E+02
 3.098962545395E+00   2.130000000000E+02
 3.105882167816E+00   2.170000000000E+02
 3.112801790237E+00   2.090000000000E+02
 3.119721412659E+00   1.980000000000E+02
 3.126641035080E+00   1.980000000000E+02
 3.133560657501E+00   2.260000000000E+02
 3.140480279922E+00   2.100000000000E+02
 3.147399902344E+00   1.910000000000E+02
 3.154319524765E+00   1.950000000000E+02
 3.161239147186E+00   1.980000000000E+02
 3.168158769608E+00   2.030000000000E+02
 3.175078392029E+00   1.660000000000E+02
 3.181998014450E+00   1.730000000000E+02
 3.188917636871E+00   1.660000000000E+02
 3.195837259293E+00   1.670000000000E+02
 3.202756881714E+00   1.620000000000E+02
 3.209676504135E+00   1.680000000000E+02
 3.216596126556E+00   1.640000000000E+02
 3.223515748978E+00   1.630000000000E+02
 3.230435371399E+00   1.570000000000E+02
 3.237354993820E+00   1.520000000000E+02
 3.244274616241E+00   1.380000000000E+02
 3.251194238663E+00   1.480000000000E+02
 3.258113861084E+00   1.520000000000E+02
 3.265033483505E+00   1.400000000000E+02
 3.271953105927E+00   1.680000000000E+02
 3.278872728348E+00   1.490000000000E+02
 3.285792350769E+00   1.540000000000E+02
 3.292711973190E+00   1.380000000000E+02
 3.299631595612E+00   1.230000000000E+02
 3.306551218033E+00   1.350000000000E+02
 3.313470840454E+00   1.100000000000E+02
 3.320390462875E+00   1.180000000000E+02
 3.327310085297E+00   1.460000000000E+02
 3.334229469299E+00   1.280000000000E+02
 3.341149091721E+00   1.180000000000E+02
 3.348068714142E+00   1.220000000000E+02
 3.354988336563E+00   1.110000000000E+02
 3.361907958984E+00   1.100000000000E+02
 3.368827581406E+00   1.040000000000E+02
 3.375747203827E+00   1.100000000000E+02
 3.382666826248E+00   1.020000000000E+02
 3.389586448669E+00   1.150000000000E+02
 3.396506071091E+00   1.090000000000E+02
 3.403425693512E+00   1.140000000000E+02
 3.410345315933E+00   1.230000000000E+02
 3.417264938354E+00   1.130000000000E+02
 3.424184560776E+00   1.110000000000E+02
 3.431104183197E+00   9.700000000000E+01
 3.438023805618E+00   9.700000000000E+01
 3.444943428040E+00   1.070000000000E+02
 3.451863050461E+00   1.010000000000E+02
 3.458782672882E+00   1.070000000000E+02
 3.465702295303E+00   8.500000000000E+01
 3.472621917725E+00   8.300000000000E+01
 3.479541540146E+00   7.500000000000E+01
 3.486461162567E+00   7.300000000000E+01
 3.493380784988E+00   8.900000000000E+01
 3.500300407410E+00   1.040000000000E+02
 3.507220029831E+00   7.300000000000E+01
 3.514139652252E+00   6.300000000000E+01
 3.521059274673E+00   7.300000000000E+01
 3.527978897095E+00   6.600000000000E+01
 3.534898519516E+00   6.500000000000E+01
 3.541818141937E+00   7.900000000000E+01
 3.548737764359E+00   7.300000000000E+01
 3.555657386780E+00   6.900000000000E+01
 3.562577009201E+00   7.200000000000E+01
 3.569496631622E+00   7.400000000000E+01
 3.576416254044E+00   7.300000000000E+01
 3.583335876465E+00   5.700000000000E+01
 3.590255498886E+00   6.700000000000E+01
 3.597175121307E+00   6.100000000000E+01
 3.604094743729E+00   6.500000000000E+01
 3.611014366150E+00   5.400000000000E+01
 3.617933988571E+00   6.000000000000E+01
 3.624853610992E+00   6.000000000000E+01
 3.631773233414E+00   4.200000000000E+01
 3.638692855835E+00   5.000000000000E+01
 3.645612478256E+00   6.000000000000E+01
 3.652532100677E+00   4.500000000000E+01
 3.659451723099E+00   4.900000000000E+01
 3.666371345520E+00   6.400000000000E+01
 3.673290967941E+00   5.500000000000E+01
 3.680210590363E+00   6.000000000000E+01
 3.687130212784E+00   4.500000000000E+01
 3.694049835205E+00   5.000000000000E+01
 3.700969457626E+00   4.700000000000E+01
 3.707889080048E+00   5.000000000000E+01
 3.714808702469E+00   4.500000000000E+01
 3.721728324890E+00   2.500000000000E+01
 3.728647947311E+00   4.700000000000E+01
 3.735567569733E+00   3.800000000000E+01
 3.742487192154E+00   5.000000000000E+01
 3.749406814575E+00   4.900000000000E+01
 3.756326436996E+00   4.800000000000E+01
 3.763246059418E+00   4.200000000000E+01
 3.770165681839E+00   3.300000000000E+01
 3.777085304260E+00   2.600000000000E+01
 3.784004926682E+00   4.100000000000E+01
 3.790924549103E+00   4.100000000000E+01
 3.797844171524E+00   4.800000000000E+01
 3.804763793945E+00   4.500000000000E+01
 3.811683416367E+00   3.700000000000E+01
 3.818603038788E+00   4.000000000000E+01
 3.825522661209E+00   3.400000000000E+01
 3.832442283630E+00   2.800000000000E+01
 3.839361906052E+00   3.300000000000E+01
 3.846281528473E+00   4.200000000000E+01
 3.853201150894E+00   3.800000000000E+01
 3.860120773315E+00   2.800000000000E+01
 3.867040395737E+00   3.200000000000E+01
 3.873960018158E+00   3.400000000000E+01
 3.880879640579E+00   3.700000000000E+01
 3.887799263000E+00   3.200000000000E+01
 3.894718885422E+00   3.400000000000E+01
 3.901638507843E+00   3.000000000000E+01
 3.908558130264E+00   1.900000000000E+01
 3.915477752686E+00   2.800000000000E+01
 3.922397375107E+00   3.600000000000E+01
 3.929316997528E+00   2.900000000000E+01
 3.936236619949E+00   1.900000000000E+01
 3.943156242371E+00   2.700000000000E+01
 3.950075864792E+00   2.700000000000E+01
 3.956995487213E+00   2.300000000000E+01
 3.963915109634E+00   2.600000000000E+01
 3.970834732056E+00   2.600000000000E+01
 3.977754354477E+00   3.000000000000E+01
 3.984673976898E+00   2.900000000000E+01
 3.991593599319E+00   2.400000000000E+01
 3.998513221741E+00   2.500000000000E+01
 4.005432605743E+00   2.300000000000E+01
 4.012352466583E+00   2.200000000000E+01
 4.019271850586E+00   2.600000000000E+01
 4.026191711426E+00   1.700000000000E+01
 4.033111095428E+00   1.800000000000E+01
 4.040030956268E+00   2.100000000000E+01
 4.046950340271E+00   2.300000000000E+01
 4.053870201111E+00   2.000000000000E+01
 4.060789585114E+00   1.600000000000E+01
 4.067709445953E+00   1.500000000000E+01
 4.074628829956E+00   1.700000000000E+01
 4.081548690796E+00   1.600000000000E+01
 4.088468074799E+00   1.500000000000E+01
 4.095387935638E+00   1.800000000000E+01
 4.102307319641E+00   1.600000000000E+01
 4.109227180481E+00   1.800000000000E+01
 4.116146564484E+00   1.000000000000E+01
 4.123066425323E+00   1.700000000000E+01
 4.129985809326E+00   1.200000000000E+01
 4.136905670166E+00   1.200000000000E+01
 4.143825054169E+00   1.700000000000E+01
 4.150744915009E+00   1.400000000000E+01
 4.157664299011E+00   1.300000000000E+01
 4.164584159851E+00   1.300000000000E+01
 4.171503543854E+00   1.500000000000E+01
 4.178423404694E+00   1.100000000000E+01
 4.185342788696E+00   1.000000000000E+01
 4.192262649536E+00   1.200000000000E+01
 4.199182033539E+00   1.600000000000E+01
 4.206101894379E+00   1.000000000000E+01
 4.213021278381E+00   1.400000000000E+01
 4.219941139221E+00   1.000000000000E+01
 4.226860523224E+00   1.000000000000E+01
 4.233780384064E+00   1.000000000000E+01
 4.240699768066E+00   6.000000000000E+00
 4.247619628906E+00   8.000000000000E+00
 4.254539012909E+00   5.000000000000E+00
 4.261458873749E+00   1.000000000000E+01
 4.268378257751E+00   9.000000000000E+00
 4.275298118591E+00   7.000000000000E+00
 4.282217502594E+00   8.000000000000E+00
 4.289137363434E+00   1.200000000000E+01
 4.296056747437E+00   5.000000000000E+00
 4.302976608276E+00   5.000000000000E+00
 4.309895992279E+00   7.000000000000E+00
 4.316815853119E+00   3.000000000000E+00
 4.323735237122E+00   7.000000000000E+00
 4.330655097961E+00   9.000000000000E+00
 4.337574481964E+00   5.000000000000E+00
 4.344494342804E+00   7.000000000000E+00
 4.351413726807E+00   7.000000000000E+00
 4.358333587646E+00   3.000000000000E+00
 4.365252971649E+00   5.000000000000E+00
 4.372172832489E+00   1.100000000000E+01
 4.379092216492E+00   1.000000000000E+01
 4.386012077332E+00   7.000000000000E+00
 4.392931461334E+00   7.000000000000E+00
 4.399851322174E+00   6.000000000000E+00
 4.406770706177E+00   7.000000000000E+00
 4.413690567017E+00   2.000000000000E+00
 4.420609951019E+00   8.000000000000E+00
 4.427529811859E+00   3.000000000000E+00
 4.434449195862E+00   5.000000000000E+00
 4.441369056702E+00   6.000000000000E+00
 4.448288440704E+00   3.000000000000E+00
 4.455207824707E+00   9.000000000000E+00
 4.462127685547E+00   9.000000000000E+00
 4.469047069550E+00   4.000000000000E+00
 4.475966930389E+00   4.000000000000E+00
 4.482886314392E+00   4.000000000000E+00
 4.489806175232E+00   3.000000000000E+00
 4.496725559235E+00   1.200000000000E+01
 4.503645420074E+00   6.000000000000E+00
 4.510564804077E+00   3.000000000000E+00
 4.517484664917E+00   2.000000000000E+00
 4.524404048920E+00   4.000000000000E+00
 4.531323909760E+00   4.000000000000E+00
 4.538243293762E+00   5.000000000000E+00
 4.545163154602E+00   5.000000000000E+00
 4.552082538605E+00   3.000000000000E+00
 4.559002399445E+00   3.000000000000E+00
 4.565921783447E+00   7.000000000000E+00
 4.572841644287E+00   7.000000000000E+00
 4.579761028290E+00   3.000000000000E+00
 4.586680889130E+00   1.000000000000E+00
 4.593600273132E+00   2.000000000000E+00
 4.600520133972E+00   2.000000000000E+00
 4.607439517975E+00   0.000000000000E+00
 4.614359378815E+00   1.000000000000E+00
 4.621278762817E+00   0.000000000000E+00
 4.628198623657E+00   5.000000000000E+00
 4.635118007660E+00   2.000000000000E+00
 4.642037868500E+00   1.000000000000E+00
 4.648957252502E+00   4.000000000000E+00
 4.655877113342E+00   5.000000000000E+00
 4.662796497345E+00   5.000000000000E+00
 4.669716358185E+00   0.000000000000E+00
 4.676635742188E+00   1.000000000000E+00
 4.683555603027E+00   2.000000000000E+00
 4.690474987030E+00   5.000000000000E+00
 4.697394847870E+00   2.000000000000E+00
 4.704314231873E+00   2.000000000000E+00
 4.711234092712E+00   1.000000000000E+00
 4.718153476715E+00   1.000000000000E+00
 4.725073337555E+00   0.000000000000E+00
 4.731992721558E+00   1.000000000000E+00
 4.738912582397E+00   1.000000000000E+00
 4.745831966400E+00   0.000000000000E+00
 4.752751827240E+00   3.000000000000E+00
 4.759671211243E+00   3.000000000000E+00
 4.766591072083E+00   0.000000000000E+00
 4.773510456085E+00   0.000000000000E+00
 4.780430316925E+00   1.000000000000E+00
 4.787349700928E+00   2.000000000000E+00
 4.794269561768E+00   2.000000000000E+00
 4.801188945770E+00   2.000000000000E+00
 4.808108806610E+00   1.000000000000E+00
 4.815028190613E+00   1.000000000000E+00
 4.821948051453E+00   0.000000000000E+00
 4.828867435455E+00   1.000000000000E+00
 4.835787296295E+00   2.000000000000E+00
 4.842706680298E+00   1.000000000000E+00
 4.849626541138E+00   2.000000000000E+00
 4.856545925140E+00   3.000000000000E+00
 4.863465785980E+00   1.000000000000E+00
 4.870385169983E+00   3.000000000000E+00
 4.877305030823E+00   1.000000000000E+00
 4.884224414825E+00   2.000000000000E+00
 4.891144275665E+00   2.000000000000E+00
 4.898063659668E+00   1.000000000000E+00
 4.904983520508E+00   4.000000000000E+00
 4.911902904510E+00   3.000000000000E+00
 4.918822765350E+00   1.000000000000E+00
 4.925742149353E+00   0.000000000000E+00
 4.932662010193E+00   1.000000000000E+00
 4.939581394196E+00   2.000000000000E+00
 4.946501255035E+00   0.000000000000E+00
 4.953420639038E+00   3.000000000000E+00
 4.960340499878E+00   1.000000000000E+00
 4.967259883881E+00   1.000000000000E+00
 4.974179744720E+00   2.000000000000E+00
 4.981099128723E+00   0.000000000000E+00
 4.988018989563E+00   1.000000000000E+00
 4.994938373566E+00   0.000000000000E+00
 5.001858234406E+00   2.000000000000E+00
 5.008777618408E+00   0.000000000000E+00
 5.015697479248E+00   1.000000000000E+00
 5.022616863251E+00   1.000000000000E+00
 5.029536724091E+00   1.000000000000E+00
 5.036456108093E+00   0.000000000000E+00
 5.043375968933E+00   1.000000000000E+00
 5.050295352936E+00   0.000000000000E+00
 5.057215213776E+00   0.000000000000E+00
 5.064134597778E+00   1.000000000000E+00
 5.071054458618E+00   1.000000000000E+00
 5.077973842621E+00   2.000000000000E+00
 5.084893703461E+00   0.000000000000E+00
 5.091813087463E+00   0.000000000000E+00
 5.098732948303E+00   0.000000000000E+00
 5.105652332306E+00   0.000000000000E+00
 5.112572193146E+00   2.000000000000E+00
 5.119491577148E+00   0.000000000000E+00
 5.126411437988E+00   0.000000000000E+00
 5.133330821991E+00   0.000000000000E+00
 5.140250682831E+00   0.000000000000E+00
 5.147170066833E+00   1.000000000000E+00
 5.154089927673E+00   0.000000000000E+00
 5.161009311676E+00   0.000000000000E+00
 5.167929172516E+00   0.000000000000E+00
 5.174848556519E+00   0.000000000000E+00
 5.181767940521E+00   1.000000000000E+00
 5.188687801361E+00   2.000000000000E+00
 5.195607185364E+00   0.000000000000E+00
 5.202527046204E+00   0.000000000000E+00
 5.209446430206E+00   1.000000000000E+00
 5.216366291046E+00   0.000000000000E+00
 5.223285675049E+00   2.000000000000E+00
 5.230205535889E+00   0.000000000000E+00
 5.237124919891E+00   0.000000000000E+00
 5.244044780731E+00   0.000000000000E+00
 5.250964164734E+00   0.000000000000E+00
 5.257884025574E+00   1.000000000000E+00
 5.264803409576E+00   0.000000000000E+00
 5.271723270416E+00   2.000000000000E+00
 5.278642654419E+00   0.000000000000E+00
 5.285562515259E+00   0.000000000000E+00
 5.292481899261E+00   1.000000000000E+00
 5.299401760101E+00   0.000000000000E+00
 5.306321144104E+00   1.000000000000E+00
 5.313241004944E+00   2.000000000000E+00
 5.320160388947E+00   0.000000000000E+00
 5.327080249786E+00   0.000000000000E+00
 5.333999633789E+00   0.000000000000E+00
 5.340919494629E+00   0.000000000000E+00
 5.347838878632E+00   1.000000000000E+00
 5.354758739471E+00   0.000000000000E+00
 5.361678123474E+00   0.000000000000E+00
 5.368597984314E+00   0.000000000000E+00
 5.375517368317E+00   0.000000000000E+00
 5.382437229156E+00   0.000000000000E+00
 5.389356613159E+00   0.000000000000E+00
 5.396276473999E+00   0.000000000000E+00
 5.403195858002E+00   0.000000000000E+00
 5.410115718842E+00   0.000000000000E+00
 5.417035102844E+00   0.000000000000E+00
 5.423954963684E+00   0.000000000000E+00
 5.430874347687E+00   0.000000000000E+00
 5.437794208527E+00   0.000000000000E+00
 5.444713592529E+00   0.000000000000E+00
 5.451633453369E+00   0.000000000000E+00
 5.458552837372E+00   0.000000000000E+00
 5.465472698212E+00   0.000000000000E+00
 5.472392082214E+00   0.000000000000E+00
