-5.868552684784E+00   0.000000000000E+00
-5.861116409302E+00   0.000000000000E+00
-5.853679656982E+00   0.000000000000E+00
-5.846242904663E+00   0.000000000000E+00
-5.838806629181E+00   0.000000000000E+00
-5.831369876862E+00   0.000000000000E+00
-5.823933601379E+00   0.000000000000E+00
-5.816496849060E+00   0.000000000000E+00
-5.809060096741E+00   0.000000000000E+00
-5.801623821259E+00   0.000000000000E+00
-5.794187068939E+00   0.000000000000E+00
-5.786750793457E+00   0.000000000000E+00
-5.779314041138E+00   0.000000000000E+00
-5.771877288818E+00   0.000000000000E+00
-5.764441013336E+00   0.000000000000E+00
-5.757004261017E+00   0.000000000000E+00
-5.749567985535E+00   0.000000000000E+00
-5.742131233215E+00   0.000000000000E+00
-5.734694480896E+00   0.000000000000E+00
-5.727258205414E+00   0.000000000000E+00
-5.719821453094E+00   1.000000000000E+00
-5.712385177612E+00   1.000000000000E+00
-5.704948425293E+00   1.000000000000E+00
-5.697511672974E+00   1.000000000000E+00
-5.690075397491E+00   1.000000000000E+00
-5.682638645172E+00   1.000000000000E+00
-5.675202369690E+00   4.000000000000E+00
-5.667765617371E+00   1.000000000000E+00
-5.660328865051E+00   0.000000000000E+00
-5.652892589569E+00   1.000000000000E+00
-5.645455837250E+00   0.000000000000E+00
-5.638019561768E+00   1.000000000000E+00
-5.630582809448E+00   0.000000000000E+00
-5.623146057129E+00   2.000000000000E+00
-5.615709781647E+00   0.000000000000E+00
-5.608273029327E+00   1.000000000000E+00
-5.600836753845E+00   0.000000000000E+00
-5.593400001526E+00   1.000000000000E+00
-5.585963249207E+00   1.000000000000E+00
-5.578526973724E+00   1.000000000000E+00
-5.571090221405E+00   0.000000000000E+00
-5.563653469086E+00   2.000000000000E+00
-5.556217193604E+00   0.000000000000E+00
-5.548780441284E+00   0.000000000000E+00
-5.541344165802E+00   2.000000000000E+00
-5.533907413483E+00   0.000000000000E+00
-5.526470661163E+00   0.000000000000E+00
-5.519034385681E+00   0.000000000000E+00
-5.511597633362E+00   3.000000000000E+00
-5.504161357880E+00   0.000000000000E+00
-5.496724605560E+00   0.000000000000E+00
-5.489287853241E+00   0.000000000000E+00
-5.481851577759E+00   1.000000000000E+00
-5.474414825439E+00   3.000000000000E+00
-5.466978549957E+00   0.000000000000E+00
-5.459541797638E+00   1.000000000000E+00
-5.452105045319E+00   0.000000000000E+00
-5.444668769836E+00   2.000000000000E+00
-5.437232017517E+00   1.000000000000E+00
-5.429795742035E+00   2.000000000000E+00
-5.422358989716E+00   0.000000000000E+00
-5.414922237396E+00   1.000000000000E+00
-5.407485961914E+00   2.000000000000E+00
-5.400049209595E+00   0.000000000000E+00
-5.392612934113E+00   0.000000000000E+00
-5.385176181793E+00   2.000000000000E+00
-5.377739429474E+00   0.000000000000E+00
-5.370303153992E+00   0.000000000000E+00
-5.362866401672E+00   3.000000000000E+00
-5.355430126190E+00   1.000000000000E+00
-5.347993373871E+00   3.000000000000E+00
-5.340556621552E+00   0.000000000000E+00
-5.333120346069E+00   2.000000000000E+00
-5.325683593750E+00   4.000000000000E+00
-5.318247318268E+00   2.000000000000E+00
-5.310810565948E+00   0.000000000000E+00
-5.303373813629E+00   0.000000000000E+00
-5.295937538147E+00   4.000000000000E+00
-5.288500785828E+00   0.000000000000E+00
-5.281064510345E+00   1.000000000000E+00
-5.273627758026E+00   1.000000000000E+00
-5.266191005707E+00   0.000000000000E+00
-5.258754730225E+00   0.000000000000E+00
-5.251317977905E+00   1.000000000000E+00
-5.243881702423E+00   1.000000000000E+00
-5.236444950104E+00   1.000000000000E+00
-5.229008197784E+00   1.000000000000E+00
-5.221571922302E+00   0.000000000000E+00
-5.214135169983E+00   1.000000000000E+00
-5.206698417664E+00   1.000000000000E+00
-5.199262142181E+00   0.000000000000E+00
-5.191825389862E+00   1.000000000000E+00
-5.184389114380E+00   1.000000000000E+00
-5.176952362061E+00   1.000000000000E+00
-5.169515609741E+00   0.000000000000E+00
-5.162079334259E+00   0.000000000000E+00
-5.154642581940E+00   2.000000000000E+00
-5.147206306458E+00   0.000000000000E+00
-5.139769554138E+00   2.000000000000E+00
-5.132332801819E+00   0.000000000000E+00
-5.124896526337E+00   2.000000000000E+00
-5.117459774017E+00   0.000000000000E+00
-5.110023498535E+00   1.000000000000E+00
-5.102586746216E+00   3.000000000000E+00
-5.095149993896E+00   1.000000000000E+00
-5.087713718414E+00   3.000000000000E+00
-5.080276966095E+00   2.000000000000E+00
-5.072840690613E+00   1.000000000000E+00
-5.065403938293E+00   0.000000000000E+00
-5.057967185974E+00   2.000000000000E+00
-5.050530910492E+00   1.000000000000E+00
-5.043094158173E+00   0.000000000000E+00
-5.035657882690E+00   1.000000000000E+00
-5.028221130371E+00   0.000000000000E+00
-5.020784378052E+00   1.000000000000E+00
-5.013348102570E+00   0.000000000000E+00
-5.005911350250E+00   4.000000000000E+00
-4.998475074768E+00   2.000000000000E+00
-4.991038322449E+00   1.000000000000E+00
-4.983601570129E+00   4.000000000000E+00
-4.976165294647E+00   0.000000000000E+00
-4.968728542328E+00   0.000000000000E+00
-4.961292266846E+00   2.000000000000E+00
-4.953855514526E+00   0.000000000000E+00
-4.946418762207E+00   2.000000000000E+00
-4.938982486725E+00   5.000000000000E+00
-4.931545734406E+00   1.000000000000E+00
-4.924109458923E+00   0.000000000000E+00
-4.916672706604E+00   1.000000000000E+00
-4.909235954285E+00   1.000000000000E+00
-4.901799678802E+00   1.000000000000E+00
-4.894362926483E+00   2.000000000000E+00
-4.886926174164E+00   2.000000000000E+00
-4.879489898682E+00   3.000000000000E+00
-4.872053146362E+00   3.000000000000E+00
-4.864616870880E+00   0.000000000000E+00
-4.857180118561E+00   1.000000000000E+00
-4.849743366241E+00   2.000000000000E+00
-4.842307090759E+00   2.000000000000E+00
-4.834870338440E+00   0.000000000000E+00
-4.827434062958E+00   2.000000000000E+00
-4.819997310638E+00   2.000000000000E+00
-4.812560558319E+00   0.000000000000E+00
-4.805124282837E+00   0.000000000000E+00
-4.797687530518E+00   2.000000000000E+00
-4.790251255035E+00   4.000000000000E+00
-4.782814502716E+00   3.000000000000E+00
-4.775377750397E+00   5.000000000000E+00
-4.767941474915E+00   7.000000000000E+00
-4.760504722595E+00   3.000000000000E+00
-4.753068447113E+00   2.000000000000E+00
-4.745631694794E+00   3.000000000000E+00
-4.738194942474E+00   0.000000000000E+00
-4.730758666992E+00   3.000000000000E+00
-4.723321914673E+00   4.000000000000E+00
-4.715885639191E+00   2.000000000000E+00
-4.708448886871E+00   5.000000000000E+00
-4.701012134552E+00   1.000000000000E+00
-4.693575859070E+00   5.000000000000E+00
-4.686139106750E+00   4.000000000000E+00
-4.678702831268E+00   0.000000000000E+00
-4.671266078949E+00   1.000000000000E+00
-4.663829326630E+00   3.000000000000E+00
-4.656393051147E+00   1.000000000000E+00
-4.648956298828E+00   0.000000000000E+00
-4.641520023346E+00   3.000000000000E+00
-4.634083271027E+00   0.000000000000E+00
-4.626646518707E+00   3.000000000000E+00
-4.619210243225E+00   5.000000000000E+00
-4.611773490906E+00   1.000000000000E+00
-4.604337215424E+00   0.000000000000E+00
-4.596900463104E+00   0.000000000000E+00
-4.589463710785E+00   3.000000000000E+00
-4.582027435303E+00   4.000000000000E+00
-4.574590682983E+00   4.000000000000E+00
-4.567154407501E+00   1.000000000000E+00
-4.559717655182E+00   3.000000000000E+00
-4.552280902863E+00   3.000000000000E+00
-4.544844627380E+00   5.000000000000E+00
-4.537407875061E+00   4.000000000000E+00
-4.529971122742E+00   0.000000000000E+00
-4.522534847260E+00   2.000000000000E+00
-4.515098094940E+00   1.000000000000E+00
-4.507661819458E+00   2.000000000000E+00
-4.500225067139E+00   5.000000000000E+00
-4.492788314819E+00   2.000000000000E+00
-4.485352039337E+00   3.000000000000E+00
-4.477915287018E+00   5.000000000000E+00
-4.470479011536E+00   6.000000000000E+00
-4.463042259216E+00   5.000000000000E+00
-4.455605506897E+00   2.000000000000E+00
-4.448169231415E+00   3.000000000000E+00
-4.440732479095E+00   5.000000000000E+00
-4.433296203613E+00   5.000000000000E+00
-4.425859451294E+00   4.000000000000E+00
-4.418422698975E+00   4.000000000000E+00
-4.410986423492E+00   2.000000000000E+00
-4.403549671173E+00   4.000000000000E+00
-4.396113395691E+00   6.000000000000E+00
-4.388676643372E+00   4.000000000000E+00
-4.381239891052E+00   6.000000000000E+00
-4.373803615570E+00   1.400000000000E+01
-4.366366863251E+00   5.000000000000E+00
-4.358930587769E+00   1.000000000000E+01
-4.351493835449E+00   8.000000000000E+00
-4.344057083130E+00   9.000000000000E+00
-4.336620807648E+00   9.000000000000E+00
-4.329184055328E+00   7.000000000000E+00
-4.321747779846E+00   6.000000000000E+00
-4.314311027527E+00   9.000000000000E+00
-4.306874275208E+00   1.300000000000E+01
-4.299437999725E+00   1.200000000000E+01
-4.292001247406E+00   8.000000000000E+00
-4.284564971924E+00   1.100000000000E+01
-4.277128219604E+00   2.200000000000E+01
-4.269691467285E+00   1.800000000000E+01
-4.262255191803E+00   1.300000000000E+01
-4.254818439484E+00   9.000000000000E+00
-4.247382164001E+00   1.700000000000E+01
-4.239945411682E+00   1.000000000000E+01
-4.232508659363E+00   1.200000000000E+01
-4.225072383881E+00   1.900000000000E+01
-4.217635631561E+00   7.000000000000E+00
-4.210199356079E+00   2.200000000000E+01
-4.202762603760E+00   1.200000000000E+01
-4.195325851440E+00   2.000000000000E+01
-4.187889575958E+00   2.300000000000E+01
-4.180452823639E+00   1.700000000000E+01
-4.173016071320E+00   1.500000000000E+01
-4.165579795837E+00   1.700000000000E+01
-4.158143043518E+00   1.600000000000E+01
-4.150706768036E+00   2.200000000000E+01
-4.143270015717E+00   9.000000000000E+00
-4.135833263397E+00   1.700000000000E+01
-4.128396987915E+00   1.900000000000E+01
-4.120960235596E+00   2.100000000000E+01
-4.113523960114E+00   1.600000000000E+01
-4.106087207794E+00   2.200000000000E+01
-4.098650455475E+00   1.200000000000E+01
-4.091214179993E+00   2.300000000000E+01
-4.083777427673E+00   1.600000000000E+01
-4.076341152191E+00   1.900000000000E+01
-4.068904399872E+00   1.700000000000E+01
-4.061467647552E+00   1.000000000000E+01
-4.054031372070E+00   1.700000000000E+01
-4.046594619751E+00   2.900000000000E+01
-4.039158344269E+00   1.400000000000E+01
-4.031721591949E+00   2.100000000000E+01
-4.024284839630E+00   2.200000000000E+01
-4.016848564148E+00   1.900000000000E+01
-4.009411811829E+00   2.200000000000E+01
-4.001975536346E+00   1.400000000000E+01
-3.994538784027E+00   2.600000000000E+01
-3.987102270126E+00   2.900000000000E+01
-3.979665756226E+00   3.100000000000E+01
-3.972229003906E+00   1.300000000000E+01
-3.964792490005E+00   3.000000000000E+01
-3.957355976105E+00   3.400000000000E+01
-3.949919462204E+00   3.100000000000E+01
-3.942482709885E+00   3.500000000000E+01
-3.935046195984E+00   4.000000000000E+01
-3.927609682083E+00   3.800000000000E+01
-3.920173168182E+00   4.200000000000E+01
-3.912736654282E+00   4.100000000000E+01
-3.905299901962E+00   3.100000000000E+01
-3.897863388062E+00   2.700000000000E+01
-3.890426874161E+00   2.500000000000E+01
-3.882990360260E+00   3.100000000000E+01
-3.875553846359E+00   2.900000000000E+01
-3.868117094040E+00   5.300000000000E+01
-3.860680580139E+00   3.200000000000E+01
-3.853244066238E+00   4.100000000000E+01
-3.845807552338E+00   3.800000000000E+01
-3.838371038437E+00   3.700000000000E+01
-3.830934286118E+00   5.400000000000E+01
-3.823497772217E+00   5.000000000000E+01
-3.816061258316E+00   2.900000000000E+01
-3.808624744415E+00   4.000000000000E+01
-3.801188230515E+00   4.200000000000E+01
-3.793751478195E+00   3.200000000000E+01
-3.786314964294E+00   5.300000000000E+01
-3.778878450394E+00   4.900000000000E+01
-3.771441936493E+00   5.000000000000E+01
-3.764005184174E+00   4.500000000000E+01
-3.756568670273E+00   4.800000000000E+01
-3.749132156372E+00   3.900000000000E+01
-3.741695642471E+00   4.400000000000E+01
-3.734259128571E+00   4.200000000000E+01
-3.726822376251E+00   5.000000000000E+01
-3.719385862350E+00   5.300000000000E+01
-3.711949348450E+00   3.700000000000E+01
-3.704512834549E+00   4.800000000000E+01
-3.697076320648E+00   6.100000000000E+01
-3.689639568329E+00   7.200000000000E+01
-3.682203054428E+00   5.500000000000E+01
-3.674766540527E+00   5.500000000000E+01
-3.667330026627E+00   6.800000000000E+01
-3.659893512726E+00   6.300000000000E+01
-3.652456760406E+00   5.500000000000E+01
-3.645020246506E+00   5.800000000000E+01
-3.637583732605E+00   7.200000000000E+01
-3.630147218704E+00   7.300000000000E+01
-3.622710704803E+00   6.000000000000E+01
-3.615273952484E+00   6.900000000000E+01
-3.607837438583E+00   6.500000000000E+01
-3.600400924683E+00   7.200000000000E+01
-3.592964410782E+00   7.400000000000E+01
-3.585527658463E+00   6.800000000000E+01
-3.578091144562E+00   6.900000000000E+01
-3.570654630661E+00   7.600000000000E+01
-3.563218116760E+00   7.600000000000E+01
-3.555781602859E+00   9.200000000000E+01
-3.548344850540E+00   7.000000000000E+01
-3.540908336639E+00   7.500000000000E+01
-3.533471822739E+00   9.100000000000E+01
-3.526035308838E+00   8.400000000000E+01
-3.518598794937E+00   9.300000000000E+01
-3.511162042618E+00   9.700000000000E+01
-3.503725528717E+00   8.400000000000E+01
-3.496289014816E+00   9.100000000000E+01
-3.488852500916E+00   1.050000000000E+02
-3.481415987015E+00   7.600000000000E+01
-3.473979234695E+00   1.030000000000E+02
-3.466542720795E+00   9.900000000000E+01
-3.459106206894E+00   9.200000000000E+01
-3.451669692993E+00   1.150000000000E+02
-3.444233179092E+00   9.400000000000E+01
-3.436796426773E+00   1.130000000000E+02
-3.429359912872E+00   1.100000000000E+02
-3.421923398972E+00   8.600000000000E+01
-3.414486885071E+00   1.250000000000E+02
-3.407050132751E+00   9.800000000000E+01
-3.399613618851E+00   1.260000000000E+02
-3.392177104950E+00   9.700000000000E+01
-3.384740591049E+00   1.190000000000E+02
-3.377304077148E+00   1.200000000000E+02
-3.369867324829E+00   1.190000000000E+02
-3.362430810928E+00   1.410000000000E+02
-3.354994297028E+00   1.230000000000E+02
-3.347557783127E+00   1.760000000000E+02
-3.340121269226E+00   1.270000000000E+02
-3.332684516907E+00   1.310000000000E+02
-3.325248003006E+00   1.370000000000E+02
-3.317811489105E+00   1.630000000000E+02
-3.310374975204E+00   1.570000000000E+02
-3.302938461304E+00   1.310000000000E+02
-3.295501708984E+00   1.620000000000E+02
-3.288065195084E+00   1.640000000000E+02
-3.280628681183E+00   1.540000000000E+02
-3.273192167282E+00   1.610000000000E+02
-3.265755653381E+00   1.790000000000E+02
-3.258318901062E+00   1.580000000000E+02
-3.250882387161E+00   1.670000000000E+02
-3.243445873260E+00   1.640000000000E+02
-3.236009359360E+00   1.590000000000E+02
-3.228572607040E+00   1.850000000000E+02
-3.221136093140E+00   1.820000000000E+02
-3.213699579239E+00   1.760000000000E+02
-3.206263065338E+00   1.690000000000E+02
-3.198826551437E+00   2.000000000000E+02
-3.191389799118E+00   1.920000000000E+02
-3.183953285217E+00   1.810000000000E+02
-3.176516771317E+00   2.100000000000E+02
-3.169080257416E+00   1.940000000000E+02
-3.161643743515E+00   1.850000000000E+02
-3.154206991196E+00   2.140000000000E+02
-3.146770477295E+00   2.110000000000E+02
-3.139333963394E+00   2.250000000000E+02
-3.131897449493E+00   1.910000000000E+02
-3.124460935593E+00   1.810000000000E+02
-3.117024183273E+00   2.150000000000E+02
-3.109587669373E+00   2.050000000000E+02
-3.102151155472E+00   2.170000000000E+02
-3.094714641571E+00   2.250000000000E+02
-3.087277889252E+00   2.230000000000E+02
-3.079841375351E+00   2.300000000000E+02
-3.072404861450E+00   2.500000000000E+02
-3.064968347549E+00   2.500000000000E+02
-3.057531833649E+00   2.280000000000E+02
-3.050095081329E+00   2.450000000000E+02
-3.042658567429E+00   2.770000000000E+02
-3.035222053528E+00   2.710000000000E+02
-3.027785539627E+00   2.520000000000E+02
-3.020349025726E+00   2.580000000000E+02
-3.012912273407E+00   2.580000000000E+02
-3.005475759506E+00   2.860000000000E+02
-2.998039245605E+00   2.760000000000E+02
-2.990602731705E+00   2.720000000000E+02
-2.983166217804E+00   2.860000000000E+02
-2.975729465485E+00   2.940000000000E+02
-2.968292951584E+00   3.120000000000E+02
-2.960856437683E+00   3.090000000000E+02
-2.953419923782E+00   3.120000000000E+02
-2.945983409882E+00   3.430000000000E+02
-2.938546657562E+00   3.070000000000E+02
-2.931110143661E+00   3.250000000000E+02
-2.923673629761E+00   2.850000000000E+02
-2.916237115860E+00   3.630000000000E+02
-2.908800363541E+00   3.260000000000E+02
-2.901363849640E+00   3.370000000000E+02
-2.893927335739E+00   3.650000000000E+02
-2.886490821838E+00   3.520000000000E+02
-2.879054307938E+00   3.890000000000E+02
-2.871617555618E+00   3.810000000000E+02
-2.864181041718E+00   3.580000000000E+02
-2.856744527817E+00   3.420000000000E+02
-2.849308013916E+00   3.430000000000E+02
-2.841871500015E+00   3.610000000000E+02
-2.834434747696E+00   3.630000000000E+02
-2.826998233795E+00   3.740000000000E+02
-2.819561719894E+00   3.940000000000E+02
-2.812125205994E+00   4.120000000000E+02
-2.804688692093E+00   4.310000000000E+02
-2.797251939774E+00   4.070000000000E+02
-2.789815425873E+00   4.150000000000E+02
-2.782378911972E+00   3.940000000000E+02
-2.774942398071E+00   4.140000000000E+02
-2.767505884171E+00   4.230000000000E+02
-2.760069131851E+00   4.260000000000E+02
-2.752632617950E+00   4.610000000000E+02
-2.745196104050E+00   4.510000000000E+02
-2.737759590149E+00   4.640000000000E+02
-2.730322837830E+00   4.930000000000E+02
-2.722886323929E+00   5.160000000000E+02
-2.715449810028E+00   5.170000000000E+02
-2.708013296127E+00   4.600000000000E+02
-2.700576782227E+00   5.240000000000E+02
-2.693140029907E+00   4.820000000000E+02
-2.685703516006E+00   5.200000000000E+02
-2.678267002106E+00   5.550000000000E+02
-2.670830488205E+00   5.150000000000E+02
-2.663393974304E+00   5.410000000000E+02
-2.655957221985E+00   5.530000000000E+02
-2.648520708084E+00   5.660000000000E+02
-2.641084194183E+00   5.280000000000E+02
-2.633647680283E+00   5.420000000000E+02
-2.626211166382E+00   5.500000000000E+02
-2.618774414063E+00   5.650000000000E+02
-2.611337900162E+00   6.190000000000E+02
-2.603901386261E+00   5.690000000000E+02
-2.596464872360E+00   5.960000000000E+02
-2.589028358459E+00   5.910000000000E+02
-2.581591606140E+00   6.110000000000E+02
-2.574155092239E+00   6.200000000000E+02
-2.566718578339E+00   6.380000000000E+02
-2.559282064438E+00   6.780000000000E+02
-2.551845312119E+00   6.560000000000E+02
-2.544408798218E+00   6.740000000000E+02
-2.536972284317E+00   6.440000000000E+02
-2.529535770416E+00   6.690000000000E+02
-2.522099256516E+00   7.000000000000E+02
-2.514662504196E+00   6.530000000000E+02
-2.507225990295E+00   7.220000000000E+02
-2.499789476395E+00   7.230000000000E+02
-2.492352962494E+00   7.070000000000E+02
-2.484916448593E+00   7.380000000000E+02
-2.477479696274E+00   8.070000000000E+02
-2.470043182373E+00   7.680000000000E+02
-2.462606668472E+00   7.640000000000E+02
-2.455170154572E+00   7.740000000000E+02
-2.447733640671E+00   8.840000000000E+02
-2.440296888351E+00   7.910000000000E+02
-2.432860374451E+00   8.330000000000E+02
-2.425423860550E+00   8.760000000000E+02
-2.417987346649E+00   8.600000000000E+02
-2.410550832748E+00   8.360000000000E+02
-2.403114080429E+00   8.720000000000E+02
-2.395677566528E+00   8.930000000000E+02
-2.388241052628E+00   8.610000000000E+02
-2.380804538727E+00   8.310000000000E+02
-2.373367786407E+00   8.610000000000E+02
-2.365931272507E+00   8.880000000000E+02
-2.358494758606E+00   9.630000000000E+02
-2.351058244705E+00   9.110000000000E+02
-2.343621730804E+00   9.210000000000E+02
-2.336184978485E+00   1.037000000000E+03
-2.328748464584E+00   1.024000000000E+03
-2.321311950684E+00   9.940000000000E+02
-2.313875436783E+00   1.006000000000E+03
-2.306438922882E+00   1.048000000000E+03
-2.299002170563E+00   1.014000000000E+03
-2.291565656662E+00   9.950000000000E+02
-2.284129142761E+00   1.038000000000E+03
-2.276692628860E+00   9.870000000000E+02
-2.269256114960E+00   1.073000000000E+03
-2.261819362640E+00   1.154000000000E+03
-2.254382848740E+00   1.086000000000E+03
-2.246946334839E+00   1.070000000000E+03
-2.239509820938E+00   1.136000000000E+03
-2.232073068619E+00   1.086000000000E+03
-2.224636554718E+00   1.105000000000E+03
-2.217200040817E+00   1.085000000000E+03
-2.209763526917E+00   1.157000000000E+03
-2.202327013016E+00   1.212000000000E+03
-2.194890260696E+00   1.227000000000E+03
-2.187453746796E+00   1.153000000000E+03
-2.180017232895E+00   1.235000000000E+03
-2.172580718994E+00   1.169000000000E+03
-2.165144205093E+00   1.193000000000E+03
-2.157707452774E+00   1.288000000000E+03
-2.150270938873E+00   1.221000000000E+03
-2.142834424973E+00   1.247000000000E+03
-2.135397911072E+00   1.333000000000E+03
-2.127961397171E+00   1.261000000000E+03
-2.120524644852E+00   1.277000000000E+03
-2.113088130951E+00   1.362000000000E+03
-2.105651617050E+00   1.250000000000E+03
-2.098215103149E+00   1.316000000000E+03
-2.090778589249E+00   1.344000000000E+03
-2.083341836929E+00   1.336000000000E+03
-2.075905323029E+00   1.421000000000E+03
-2.068468809128E+00   1.440000000000E+03
-2.061032295227E+00   1.465000000000E+03
-2.053595542908E+00   1.466000000000E+03
-2.046159029007E+00   1.480000000000E+03
-2.038722515106E+00   1.530000000000E+03
-2.031286001205E+00   1.430000000000E+03
-2.023849487305E+00   1.521000000000E+03
-2.016412734985E+00   1.487000000000E+03
-2.008976221085E+00   1.449000000000E+03
-2.001539707184E+00   1.535000000000E+03
-1.994103193283E+00   1.456000000000E+03
-1.986666560173E+00   1.555000000000E+03
-1.979230046272E+00   1.647000000000E+03
-1.971793413162E+00   1.614000000000E+03
-1.964356899261E+00   1.576000000000E+03
-1.956920385361E+00   1.620000000000E+03
-1.949483752251E+00   1.678000000000E+03
-1.942047238350E+00   1.662000000000E+03
-1.934610605240E+00   1.694000000000E+03
-1.927174091339E+00   1.679000000000E+03
-1.919737458229E+00   1.758000000000E+03
-1.912300944328E+00   1.649000000000E+03
-1.904864430428E+00   1.721000000000E+03
-1.897427797318E+00   1.782000000000E+03
-1.889991283417E+00   1.771000000000E+03
-1.882554650307E+00   1.794000000000E+03
-1.875118136406E+00   1.753000000000E+03
-1.867681622505E+00   1.834000000000E+03
-1.860244989395E+00   1.824000000000E+03
-1.852808475494E+00   1.856000000000E+03
-1.845371842384E+00   1.877000000000E+03
-1.837935328484E+00   1.936000000000E+03
-1.830498695374E+00   1.913000000000E+03
-1.823062181473E+00   1.905000000000E+03
-1.815625667572E+00   1.998000000000E+03
-1.808189034462E+00   1.929000000000E+03
-1.800752520561E+00   2.031000000000E+03
-1.793315887451E+00   1.993000000000E+03
-1.785879373550E+00   2.017000000000E+03
-1.778442859650E+00   2.137000000000E+03
-1.771006226540E+00   2.104000000000E+03
-1.763569712639E+00   2.212000000000E+03
-1.756133079529E+00   2.199000000000E+03
-1.748696565628E+00   2.203000000000E+03
-1.741259932518E+00   2.159000000000E+03
-1.733823418617E+00   2.183000000000E+03
-1.726386904716E+00   2.286000000000E+03
-1.718950271606E+00   2.115000000000E+03
-1.711513757706E+00   2.173000000000E+03
-1.704077124596E+00   2.185000000000E+03
-1.696640610695E+00   2.214000000000E+03
-1.689204096794E+00   2.284000000000E+03
-1.681767463684E+00   2.212000000000E+03
-1.674330949783E+00   2.264000000000E+03
-1.666894316673E+00   2.436000000000E+03
-1.659457802773E+00   2.244000000000E+03
-1.652021169662E+00   2.309000000000E+03
-1.644584655762E+00   2.364000000000E+03
-1.637148141861E+00   2.411000000000E+03
-1.629711508751E+00   2.471000000000E+03
-1.622274994850E+00   2.482000000000E+03
-1.614838361740E+00   2.465000000000E+03
-1.607401847839E+00   2.571000000000E+03
-1.599965333939E+00   2.460000000000E+03
-1.592528700829E+00   2.538000000000E+03
-1.585092186928E+00   2.618000000000E+03
-1.577655553818E+00   2.580000000000E+03
-1.570219039917E+00   2.631000000000E+03
-1.562782406807E+00   2.725000000000E+03
-1.555345892906E+00   2.720000000000E+03
-1.547909379005E+00   2.667000000000E+03
-1.540472745895E+00   2.619000000000E+03
-1.533036231995E+00   2.773000000000E+03
-1.525599598885E+00   2.833000000000E+03
-1.518163084984E+00   2.795000000000E+03
-1.510726571083E+00   2.905000000000E+03
-1.503289937973E+00   2.867000000000E+03
-1.495853424072E+00   2.876000000000E+03
-1.488416790962E+00   2.936000000000E+03
-1.480980277061E+00   2.970000000000E+03
-1.473543643951E+00   2.969000000000E+03
-1.466107130051E+00   3.018000000000E+03
-1.458670616150E+00   2.974000000000E+03
-1.451233983040E+00   3.039000000000E+03
-1.443797469139E+00   3.066000000000E+03
-1.436360836029E+00   3.053000000000E+03
-1.428924322128E+00   3.119000000000E+03
-1.421487808228E+00   3.075000000000E+03
-1.414051175117E+00   3.184000000000E+03
-1.406614661217E+00   3.137000000000E+03
-1.399178028107E+00   3.138000000000E+03
-1.391741514206E+00   3.223000000000E+03
-1.384304881096E+00   3.234000000000E+03
-1.376868367195E+00   3.180000000000E+03
-1.369431853294E+00   3.141000000000E+03
-1.361995220184E+00   3.212000000000E+03
-1.354558706284E+00   3.247000000000E+03
-1.347122073174E+00   3.320000000000E+03
-1.339685559273E+00   3.451000000000E+03
-1.332249045372E+00   3.340000000000E+03
-1.324812412262E+00   3.337000000000E+03
-1.317375898361E+00   3.330000000000E+03
-1.309939265251E+00   3.379000000000E+03
-1.302502751350E+00   3.552000000000E+03
-1.295066118240E+00   3.432000000000E+03
-1.287629604340E+00   3.594000000000E+03
-1.280193090439E+00   3.427000000000E+03
-1.272756457329E+00   3.488000000000E+03
-1.265319943428E+00   3.609000000000E+03
-1.257883310318E+00   3.505000000000E+03
-1.250446796417E+00   3.662000000000E+03
-1.243010163307E+00   3.601000000000E+03
-1.235573649406E+00   3.695000000000E+03
-1.228137135506E+00   3.652000000000E+03
-1.220700502396E+00   3.750000000000E+03
-1.213263988495E+00   3.733000000000E+03
-1.205827355385E+00   3.673000000000E+03
-1.198390841484E+00   3.810000000000E+03
-1.190954327583E+00   3.757000000000E+03
-1.183517694473E+00   3.785000000000E+03
-1.176081180573E+00   3.863000000000E+03
-1.168644547462E+00   3.851000000000E+03
-1.161208033562E+00   3.831000000000E+03
-1.153771400452E+00   3.890000000000E+03
-1.146334886551E+00   3.899000000000E+03
-1.138898372650E+00   3.970000000000E+03
-1.131461739540E+00   3.947000000000E+03
-1.124025225639E+00   3.977000000000E+03
-1.116588592529E+00   4.042000000000E+03
-1.109152078629E+00   4.066000000000E+03
-1.101715564728E+00   4.088000000000E+03
-1.094278931618E+00   4.043000000000E+03
-1.086842417717E+00   4.177000000000E+03
-1.079405784607E+00   4.262000000000E+03
-1.071969270706E+00   4.069000000000E+03
-1.064532637596E+00   4.189000000000E+03
-1.057096123695E+00   4.169000000000E+03
-1.049659609795E+00   4.191000000000E+03
-1.042222976685E+00   4.413000000000E+03
-1.034786462784E+00   4.362000000000E+03
-1.027349829674E+00   4.313000000000E+03
-1.019913315773E+00   4.214000000000E+03
-1.012476801872E+00   4.547000000000E+03
-1.005040168762E+00   4.380000000000E+03
-9.976035952568E-01   4.481000000000E+03
-9.901670813560E-01   4.568000000000E+03
-9.827305078506E-01   4.463000000000E+03
-9.752939343452E-01   4.449000000000E+03
-9.678573608398E-01   4.334000000000E+03
-9.604207873344E-01   4.476000000000E+03
-9.529842138290E-01   4.514000000000E+03
-9.455476999283E-01   4.692000000000E+03
-9.381111264229E-01   4.378000000000E+03
-9.306745529175E-01   4.640000000000E+03
-9.232379794121E-01   4.557000000000E+03
-9.158014059067E-01   4.627000000000E+03
-9.083648324013E-01   4.689000000000E+03
-9.009283185005E-01   4.649000000000E+03
-8.934917449951E-01   4.700000000000E+03
-8.860551714897E-01   4.672000000000E+03
-8.786185979843E-01   4.748000000000E+03
-8.711820244789E-01   4.796000000000E+03
-8.637454509735E-01   4.862000000000E+03
-8.563089370728E-01   4.772000000000E+03
-8.488723635674E-01   4.705000000000E+03
-8.414357900620E-01   4.921000000000E+03
-8.339992165565E-01   4.880000000000E+03
-8.265626430511E-01   4.861000000000E+03
-8.191260695457E-01   4.839000000000E+03
-8.116895556450E-01   4.903000000000E+03
-8.042529821396E-01   4.759000000000E+03
-7.968164086342E-01   4.866000000000E+03
-7.893798351288E-01   4.835000000000E+03
-7.819432616234E-01   4.791000000000E+03
-7.745066881180E-01   4.982000000000E+03
-7.670701742172E-01   5.149000000000E+03
-7.596336007118E-01   4.972000000000E+03
-7.521970272064E-01   4.972000000000E+03
-7.447604537010E-01   5.102000000000E+03
-7.373238801956E-01   5.151000000000E+03
-7.298873066902E-01   5.189000000000E+03
-7.224507927895E-01   5.149000000000E+03
-7.150142192841E-01   5.192000000000E+03
-7.075776457787E-01   5.254000000000E+03
-7.001410722733E-01   5.189000000000E+03
-6.927044987679E-01   5.118000000000E+03
-6.852679252625E-01   5.245000000000E+03
-6.778314113617E-01   5.108000000000E+03
-6.703948378563E-01   5.102000000000E+03
-6.629582643509E-01   5.359000000000E+03
-6.555216908455E-01   5.190000000000E+03
-6.480851173401E-01   5.373000000000E+03
-6.406485438347E-01   5.225000000000E+03
-6.332120299339E-01   5.296000000000E+03
-6.257754564285E-01   5.183000000000E+03
-6.183388829231E-01   5.387000000000E+03
-6.109023094177E-01   5.396000000000E+03
-6.034657359123E-01   5.306000000000E+03
-5.960291624069E-01   5.452000000000E+03
-5.885926485062E-01   5.474000000000E+03
-5.811560750008E-01   5.464000000000E+03
-5.737195014954E-01   5.487000000000E+03
-5.662829279900E-01   5.384000000000E+03
-5.588463544846E-01   5.496000000000E+03
-5.514097809792E-01   5.460000000000E+03
-5.439732670784E-01   5.589000000000E+03
-5.365366935730E-01   5.450000000000E+03
-5.291001200676E-01   5.635000000000E+03
-5.216635465622E-01   5.480000000000E+03
-5.142269730568E-01   5.472000000000E+03
-5.067903995514E-01   5.543000000000E+03
-4.993538558483E-01   5.724000000000E+03
-4.919172823429E-01   5.575000000000E+03
-4.844807386398E-01   5.542000000000E+03
-4.770441651344E-01   5.630000000000E+03
-4.696075916290E-01   5.560000000000E+03
-4.621710479259E-01   5.617000000000E+03
-4.547344744205E-01   5.775000000000E+03
-4.472979009151E-01   5.557000000000E+03
-4.398613572121E-01   5.621000000000E+03
-4.324247837067E-01   5.822000000000E+03
-4.249882102013E-01   5.685000000000E+03
-4.175516664982E-01   5.602000000000E+03
-4.101150929928E-01   5.592000000000E+03
-4.026785194874E-01   5.728000000000E+03
-3.952419757843E-01   5.771000000000E+03
-3.878054022789E-01   5.734000000000E+03
-3.803688287735E-01   5.828000000000E+03
-3.729322850704E-01   5.714000000000E+03
-3.654957115650E-01   5.766000000000E+03
-3.580591380596E-01   5.889000000000E+03
-3.506225943565E-01   5.849000000000E+03
-3.431860208511E-01   5.845000000000E+03
-3.357494473457E-01   5.767000000000E+03
-3.283129036427E-01   5.811000000000E+03
-3.208763301373E-01   5.821000000000E+03
-3.134397566319E-01   5.859000000000E+03
-3.060032129288E-01   5.848000000000E+03
-2.985666394234E-01   5.800000000000E+03
-2.911300659180E-01   6.121000000000E+03
-2.836935222149E-01   5.867000000000E+03
-2.762569487095E-01   5.942000000000E+03
-2.688203752041E-01   5.794000000000E+03
-2.613838315010E-01   5.922000000000E+03
-2.539472579956E-01   5.766000000000E+03
-2.465106993914E-01   5.883000000000E+03
-2.390741258860E-01   5.908000000000E+03
-2.316375672817E-01   5.956000000000E+03
-2.242010086775E-01   6.102000000000E+03
-2.167644351721E-01   6.028000000000E+03
-2.093278765678E-01   5.862000000000E+03
-2.018913179636E-01   5.875000000000E+03
-1.944547444582E-01   5.799000000000E+03
-1.870181858540E-01   5.973000000000E+03
-1.795816123486E-01   5.935000000000E+03
-1.721450537443E-01   6.040000000000E+03
-1.647084951401E-01   5.908000000000E+03
-1.572719216347E-01   6.049000000000E+03
-1.498353630304E-01   6.040000000000E+03
-1.423988044262E-01   5.999000000000E+03
-1.349622309208E-01   6.020000000000E+03
-1.275256723166E-01   6.159000000000E+03
-1.200891137123E-01   6.044000000000E+03
-1.126525476575E-01   6.021000000000E+03
-1.052159816027E-01   5.992000000000E+03
-9.777942299843E-02   6.065000000000E+03
-9.034285694361E-02   6.004000000000E+03
-8.290629088879E-02   6.067000000000E+03
-7.546972483397E-02   6.022000000000E+03
-6.803316622972E-02   6.152000000000E+03
-6.059660017490E-02   6.090000000000E+03
-5.316003784537E-02   6.043000000000E+03
-4.572347551584E-02   6.022000000000E+03
-3.828690946102E-02   6.056000000000E+03
-3.085034713149E-02   6.100000000000E+03
-2.341378293931E-02   5.964000000000E+03
-1.597721874714E-02   6.173000000000E+03
-8.540655486286E-03   5.964000000000E+03
-1.104091992602E-03   6.129000000000E+03
 6.332471501082E-03   6.100000000000E+03
 1.376903522760E-02   6.101000000000E+03
 2.120559848845E-02   6.036000000000E+03
 2.864216268063E-02   6.126000000000E+03
 3.607872501016E-02   6.133000000000E+03
 4.351529106498E-02   6.081000000000E+03
 5.095185339451E-02   6.024000000000E+03
 5.838841572404E-02   6.023000000000E+03
 6.582497805357E-02   6.184000000000E+03
 7.326154410839E-02   6.150000000000E+03
 8.069811016321E-02   5.963000000000E+03
 8.813466876745E-02   6.154000000000E+03
 9.557123482227E-02   6.004000000000E+03
 1.030078008771E-01   6.044000000000E+03
 1.104443594813E-01   6.004000000000E+03
 1.178809255362E-01   6.072000000000E+03
 1.253174841404E-01   6.183000000000E+03
 1.327540576458E-01   6.095000000000E+03
 1.401906162500E-01   5.880000000000E+03
 1.476271748543E-01   6.095000000000E+03
 1.550637483597E-01   6.148000000000E+03
 1.625003069639E-01   6.092000000000E+03
 1.699368655682E-01   6.046000000000E+03
 1.773734390736E-01   6.110000000000E+03
 1.848099976778E-01   6.056000000000E+03
 1.922465562820E-01   6.112000000000E+03
 1.996831297874E-01   5.950000000000E+03
 2.071196883917E-01   6.102000000000E+03
 2.145562469959E-01   5.919000000000E+03
 2.219928205013E-01   6.049000000000E+03
 2.294293791056E-01   6.191000000000E+03
 2.368659377098E-01   6.065000000000E+03
 2.443025112152E-01   6.105000000000E+03
 2.517390847206E-01   6.058000000000E+03
 2.591756284237E-01   5.935000000000E+03
 2.666122019291E-01   6.037000000000E+03
 2.740487754345E-01   5.871000000000E+03
 2.814853191376E-01   6.108000000000E+03
 2.889218926430E-01   6.109000000000E+03
 2.963584661484E-01   6.089000000000E+03
 3.037950098515E-01   5.911000000000E+03
 3.112315833569E-01   5.871000000000E+03
 3.186681568623E-01   5.887000000000E+03
 3.261047005653E-01   5.868000000000E+03
 3.335412740707E-01   5.855000000000E+03
 3.409778475761E-01   5.882000000000E+03
 3.484143912792E-01   5.864000000000E+03
 3.558509647846E-01   5.793000000000E+03
 3.632875382900E-01   5.768000000000E+03
 3.707240819931E-01   5.716000000000E+03
 3.781606554985E-01   5.899000000000E+03
 3.855972290039E-01   6.016000000000E+03
 3.930337727070E-01   5.900000000000E+03
 4.004703462124E-01   5.862000000000E+03
 4.079069197178E-01   5.915000000000E+03
 4.153434634209E-01   5.726000000000E+03
 4.227800369263E-01   5.814000000000E+03
 4.302166104317E-01   5.654000000000E+03
 4.376531541348E-01   5.740000000000E+03
 4.450897276402E-01   5.721000000000E+03
 4.525263011456E-01   5.753000000000E+03
 4.599628448486E-01   5.582000000000E+03
 4.673994183540E-01   5.622000000000E+03
 4.748359918594E-01   5.684000000000E+03
 4.822725355625E-01   5.641000000000E+03
 4.897091090679E-01   5.726000000000E+03
 4.971456825733E-01   5.635000000000E+03
 5.045822262764E-01   5.690000000000E+03
 5.120187997818E-01   5.607000000000E+03
 5.194553732872E-01   5.596000000000E+03
 5.268919467926E-01   5.541000000000E+03
 5.343285202980E-01   5.497000000000E+03
 5.417650341988E-01   5.634000000000E+03
 5.492016077042E-01   5.536000000000E+03
 5.566381812096E-01   5.514000000000E+03
 5.640747547150E-01   5.442000000000E+03
 5.715113282204E-01   5.399000000000E+03
 5.789479017258E-01   5.577000000000E+03
 5.863844156265E-01   5.303000000000E+03
 5.938209891319E-01   5.360000000000E+03
 6.012575626373E-01   5.416000000000E+03
 6.086941361427E-01   5.409000000000E+03
 6.161307096481E-01   5.498000000000E+03
 6.235672831535E-01   5.442000000000E+03
 6.310037970543E-01   5.232000000000E+03
 6.384403705597E-01   5.234000000000E+03
 6.458769440651E-01   5.281000000000E+03
 6.533135175705E-01   5.302000000000E+03
 6.607500910759E-01   5.161000000000E+03
 6.681866645813E-01   5.249000000000E+03
 6.756231784821E-01   5.231000000000E+03
 6.830597519875E-01   5.216000000000E+03
 6.904963254929E-01   5.412000000000E+03
 6.979328989983E-01   5.225000000000E+03
 7.053694725037E-01   5.232000000000E+03
 7.128060460091E-01   5.420000000000E+03
 7.202425599098E-01   5.008000000000E+03
 7.276791334152E-01   5.172000000000E+03
 7.351157069206E-01   5.164000000000E+03
 7.425522804260E-01   5.152000000000E+03
 7.499888539314E-01   4.990000000000E+03
 7.574254274368E-01   5.137000000000E+03
 7.648619413376E-01   5.059000000000E+03
 7.722985148430E-01   4.952000000000E+03
 7.797350883484E-01   4.922000000000E+03
 7.871716618538E-01   4.979000000000E+03
 7.946082353592E-01   4.998000000000E+03
 8.020448088646E-01   4.894000000000E+03
 8.094813227654E-01   4.803000000000E+03
 8.169178962708E-01   4.829000000000E+03
 8.243544697762E-01   4.957000000000E+03
 8.317910432816E-01   4.818000000000E+03
 8.392276167870E-01   4.710000000000E+03
 8.466641902924E-01   4.842000000000E+03
 8.541007041931E-01   4.854000000000E+03
 8.615372776985E-01   4.794000000000E+03
 8.689738512039E-01   4.735000000000E+03
 8.764104247093E-01   4.881000000000E+03
 8.838469982147E-01   4.553000000000E+03
 8.912835717201E-01   4.715000000000E+03
 8.987200856209E-01   4.790000000000E+03
 9.061566591263E-01   4.667000000000E+03
 9.135932326317E-01   4.611000000000E+03
 9.210298061371E-01   4.634000000000E+03
 9.284663796425E-01   4.408000000000E+03
 9.359029531479E-01   4.576000000000E+03
 9.433394670486E-01   4.479000000000E+03
 9.507760405540E-01   4.552000000000E+03
 9.582126140594E-01   4.466000000000E+03
 9.656491875648E-01   4.502000000000E+03
 9.730857610703E-01   4.440000000000E+03
 9.805223345757E-01   4.338000000000E+03
 9.879588484764E-01   4.463000000000E+03
 9.953954219818E-01   4.386000000000E+03
 1.002832055092E+00   4.400000000000E+03
 1.010268568993E+00   4.274000000000E+03
 1.017705082893E+00   4.411000000000E+03
 1.025141716003E+00   4.360000000000E+03
 1.032578229904E+00   4.294000000000E+03
 1.040014863014E+00   4.284000000000E+03
 1.047451376915E+00   4.150000000000E+03
 1.054887890816E+00   4.256000000000E+03
 1.062324523926E+00   4.193000000000E+03
 1.069761037827E+00   4.226000000000E+03
 1.077197670937E+00   4.291000000000E+03
 1.084634184837E+00   4.096000000000E+03
 1.092070817947E+00   4.098000000000E+03
 1.099507331848E+00   3.970000000000E+03
 1.106943845749E+00   4.028000000000E+03
 1.114380478859E+00   4.043000000000E+03
 1.121816992760E+00   3.926000000000E+03
 1.129253625870E+00   3.966000000000E+03
 1.136690139771E+00   3.870000000000E+03
 1.144126653671E+00   3.911000000000E+03
 1.151563286781E+00   3.930000000000E+03
 1.158999800682E+00   3.843000000000E+03
 1.166436433792E+00   3.781000000000E+03
 1.173872947693E+00   3.884000000000E+03
 1.181309580803E+00   3.806000000000E+03
 1.188746094704E+00   3.736000000000E+03
 1.196182608604E+00   3.925000000000E+03
 1.203619241714E+00   3.827000000000E+03
 1.211055755615E+00   3.752000000000E+03
 1.218492388725E+00   3.674000000000E+03
 1.225928902626E+00   3.697000000000E+03
 1.233365416527E+00   3.709000000000E+03
 1.240802049637E+00   3.635000000000E+03
 1.248238563538E+00   3.616000000000E+03
 1.255675196648E+00   3.616000000000E+03
 1.263111710548E+00   3.643000000000E+03
 1.270548343658E+00   3.507000000000E+03
 1.277984857559E+00   3.598000000000E+03
 1.285421371460E+00   3.601000000000E+03
 1.292858004570E+00   3.561000000000E+03
 1.300294518471E+00   3.610000000000E+03
 1.307731151581E+00   3.486000000000E+03
 1.315167665482E+00   3.562000000000E+03
 1.322604179382E+00   3.403000000000E+03
 1.330040812492E+00   3.375000000000E+03
 1.337477326393E+00   3.406000000000E+03
 1.344913959503E+00   3.377000000000E+03
 1.352350473404E+00   3.337000000000E+03
 1.359787106514E+00   3.349000000000E+03
 1.367223620415E+00   3.290000000000E+03
 1.374660134315E+00   3.322000000000E+03
 1.382096767426E+00   3.238000000000E+03
 1.389533281326E+00   3.166000000000E+03
 1.396969914436E+00   3.173000000000E+03
 1.404406428337E+00   3.175000000000E+03
 1.411843061447E+00   3.210000000000E+03
 1.419279575348E+00   3.124000000000E+03
 1.426716089249E+00   3.191000000000E+03
 1.434152722359E+00   3.084000000000E+03
 1.441589236259E+00   3.046000000000E+03
 1.449025869370E+00   2.972000000000E+03
 1.456462383270E+00   3.058000000000E+03
 1.463898897171E+00   2.961000000000E+03
 1.471335530281E+00   2.982000000000E+03
 1.478772044182E+00   3.005000000000E+03
 1.486208677292E+00   2.919000000000E+03
 1.493645191193E+00   2.933000000000E+03
 1.501081824303E+00   2.925000000000E+03
 1.508518338203E+00   2.789000000000E+03
 1.515954852104E+00   2.876000000000E+03
 1.523391485214E+00   2.858000000000E+03
 1.530827999115E+00   2.818000000000E+03
 1.538264632225E+00   2.778000000000E+03
 1.545701146126E+00   2.849000000000E+03
 1.553137660027E+00   2.715000000000E+03
 1.560574293137E+00   2.783000000000E+03
 1.568010807037E+00   2.676000000000E+03
 1.575447440147E+00   2.687000000000E+03
 1.582883954048E+00   2.605000000000E+03
 1.590320587158E+00   2.601000000000E+03
 1.597757101059E+00   2.691000000000E+03
 1.605193614960E+00   2.498000000000E+03
 1.612630248070E+00   2.511000000000E+03
 1.620066761971E+00   2.514000000000E+03
 1.627503395081E+00   2.541000000000E+03
 1.634939908981E+00   2.391000000000E+03
 1.642376422882E+00   2.450000000000E+03
 1.649813055992E+00   2.437000000000E+03
 1.657249569893E+00   2.523000000000E+03
 1.664686203003E+00   2.441000000000E+03
 1.672122716904E+00   2.435000000000E+03
 1.679559350014E+00   2.435000000000E+03
 1.686995863914E+00   2.400000000000E+03
 1.694432377815E+00   2.361000000000E+03
 1.701869010925E+00   2.350000000000E+03
 1.709305524826E+00   2.277000000000E+03
 1.716742157936E+00   2.402000000000E+03
 1.724178671837E+00   2.340000000000E+03
 1.731615185738E+00   2.263000000000E+03
 1.739051818848E+00   2.204000000000E+03
 1.746488332748E+00   2.266000000000E+03
 1.753924965858E+00   2.209000000000E+03
 1.761361479759E+00   2.189000000000E+03
 1.768798112869E+00   2.175000000000E+03
 1.776234626770E+00   2.181000000000E+03
 1.783671140671E+00   2.136000000000E+03
 1.791107773781E+00   2.094000000000E+03
 1.798544287682E+00   2.119000000000E+03
 1.805980920792E+00   2.132000000000E+03
 1.813417434692E+00   2.064000000000E+03
 1.820853948593E+00   2.002000000000E+03
 1.828290581703E+00   2.040000000000E+03
 1.835727095604E+00   1.959000000000E+03
 1.843163728714E+00   2.001000000000E+03
 1.850600242615E+00   1.914000000000E+03
 1.858036875725E+00   1.864000000000E+03
 1.865473389626E+00   1.836000000000E+03
 1.872909903526E+00   1.854000000000E+03
 1.880346536636E+00   1.862000000000E+03
 1.887783050537E+00   1.800000000000E+03
 1.895219683647E+00   1.794000000000E+03
 1.902656197548E+00   1.759000000000E+03
 1.910092711449E+00   1.762000000000E+03
 1.917529344559E+00   1.841000000000E+03
 1.924965858459E+00   1.780000000000E+03
 1.932402491570E+00   1.744000000000E+03
 1.939839005470E+00   1.739000000000E+03
 1.947275638580E+00   1.690000000000E+03
 1.954712152481E+00   1.732000000000E+03
 1.962148666382E+00   1.682000000000E+03
 1.969585299492E+00   1.691000000000E+03
 1.977021813393E+00   1.724000000000E+03
 1.984458446503E+00   1.670000000000E+03
 1.991894960403E+00   1.616000000000E+03
 1.999331474304E+00   1.575000000000E+03
 2.006767988205E+00   1.530000000000E+03
 2.014204740524E+00   1.617000000000E+03
 2.021641254425E+00   1.537000000000E+03
 2.029077768326E+00   1.530000000000E+03
 2.036514282227E+00   1.537000000000E+03
 2.043950796127E+00   1.487000000000E+03
 2.051387548447E+00   1.446000000000E+03
 2.058824062347E+00   1.476000000000E+03
 2.066260576248E+00   1.460000000000E+03
 2.073697090149E+00   1.419000000000E+03
 2.081133842468E+00   1.375000000000E+03
 2.088570356369E+00   1.404000000000E+03
 2.096006870270E+00   1.353000000000E+03
 2.103443384171E+00   1.330000000000E+03
 2.110879898071E+00   1.419000000000E+03
 2.118316650391E+00   1.306000000000E+03
 2.125753164291E+00   1.352000000000E+03
 2.133189678192E+00   1.374000000000E+03
 2.140626192093E+00   1.292000000000E+03
 2.148062705994E+00   1.307000000000E+03
 2.155499458313E+00   1.316000000000E+03
 2.162935972214E+00   1.284000000000E+03
 2.170372486115E+00   1.235000000000E+03
 2.177809000015E+00   1.215000000000E+03
 2.185245513916E+00   1.233000000000E+03
 2.192682266235E+00   1.153000000000E+03
 2.200118780136E+00   1.170000000000E+03
 2.207555294037E+00   1.187000000000E+03
 2.214991807938E+00   1.108000000000E+03
 2.222428321838E+00   1.179000000000E+03
 2.229865074158E+00   1.108000000000E+03
 2.237301588058E+00   1.083000000000E+03
 2.244738101959E+00   1.113000000000E+03
 2.252174615860E+00   1.078000000000E+03
 2.259611368179E+00   1.067000000000E+03
 2.267047882080E+00   1.100000000000E+03
 2.274484395981E+00   1.024000000000E+03
 2.281920909882E+00   1.053000000000E+03
 2.289357423782E+00   1.043000000000E+03
 2.296794176102E+00   1.005000000000E+03
 2.304230690002E+00   1.082000000000E+03
 2.311667203903E+00   1.009000000000E+03
 2.319103717804E+00   9.420000000000E+02
 2.326540231705E+00   1.000000000000E+03
 2.333976984024E+00   9.270000000000E+02
 2.341413497925E+00   9.390000000000E+02
 2.348850011826E+00   9.220000000000E+02
 2.356286525726E+00   9.300000000000E+02
 2.363723039627E+00   9.420000000000E+02
 2.371159791946E+00   9.080000000000E+02
 2.378596305847E+00   8.610000000000E+02
 2.386032819748E+00   8.530000000000E+02
 2.393469333649E+00   8.710000000000E+02
 2.400906085968E+00   9.220000000000E+02
 2.408342599869E+00   8.670000000000E+02
 2.415779113770E+00   8.850000000000E+02
 2.423215627670E+00   8.660000000000E+02
 2.430652141571E+00   8.560000000000E+02
 2.438088893890E+00   8.380000000000E+02
 2.445525407791E+00   8.000000000000E+02
 2.452961921692E+00   8.590000000000E+02
 2.460398435593E+00   8.140000000000E+02
 2.467834949493E+00   7.280000000000E+02
 2.475271701813E+00   7.610000000000E+02
 2.482708215714E+00   7.610000000000E+02
 2.490144729614E+00   7.090000000000E+02
 2.497581243515E+00   7.560000000000E+02
 2.505017757416E+00   7.980000000000E+02
 2.512454509735E+00   6.920000000000E+02
 2.519891023636E+00   6.830000000000E+02
 2.527327537537E+00   6.940000000000E+02
 2.534764051437E+00   6.970000000000E+02
 2.542200565338E+00   6.380000000000E+02
 2.549637317657E+00   6.500000000000E+02
 2.557073831558E+00   7.060000000000E+02
 2.564510345459E+00   6.550000000000E+02
 2.571946859360E+00   6.290000000000E+02
 2.579383611679E+00   6.260000000000E+02
 2.586820125580E+00   6.130000000000E+02
 2.594256639481E+00   5.740000000000E+02
 2.601693153381E+00   6.170000000000E+02
 2.609129667282E+00   5.780000000000E+02
 2.616566419601E+00   5.950000000000E+02
 2.624002933502E+00   5.960000000000E+02
 2.631439447403E+00   5.520000000000E+02
 2.638875961304E+00   5.760000000000E+02
 2.646312475204E+00   5.600000000000E+02
 2.653749227524E+00   5.110000000000E+02
 2.661185741425E+00   5.360000000000E+02
 2.668622255325E+00   5.520000000000E+02
 2.676058769226E+00   5.450000000000E+02
 2.683495283127E+00   5.410000000000E+02
 2.690932035446E+00   5.210000000000E+02
 2.698368549347E+00   4.770000000000E+02
 2.705805063248E+00   4.880000000000E+02
 2.713241577148E+00   4.840000000000E+02
 2.720678091049E+00   4.740000000000E+02
 2.728114843369E+00   4.750000000000E+02
 2.735551357269E+00   4.580000000000E+02
 2.742987871170E+00   4.830000000000E+02
 2.750424385071E+00   4.730000000000E+02
 2.757861137390E+00   4.630000000000E+02
 2.765297651291E+00   4.620000000000E+02
 2.772734165192E+00   4.530000000000E+02
 2.780170679092E+00   4.530000000000E+02
 2.787607192993E+00   3.950000000000E+02
 2.795043945312E+00   4.220000000000E+02
 2.802480459213E+00   3.970000000000E+02
 2.809916973114E+00   4.250000000000E+02
 2.817353487015E+00   3.630000000000E+02
 2.824790000916E+00   4.010000000000E+02
 2.832226753235E+00   4.090000000000E+02
 2.839663267136E+00   3.940000000000E+02
 2.847099781036E+00   3.930000000000E+02
 2.854536294937E+00   3.620000000000E+02
 2.861972808838E+00   4.010000000000E+02
 2.869409561157E+00   3.980000000000E+02
 2.876846075058E+00   3.630000000000E+02
 2.884282588959E+00   3.920000000000E+02
 2.891719102859E+00   3.970000000000E+02
 2.899155616760E+00   3.640000000000E+02
 2.906592369080E+00   3.270000000000E+02
 2.914028882980E+00   3.590000000000E+02
 2.921465396881E+00   3.350000000000E+02
 2.928901910782E+00   3.550000000000E+02
 2.936338663101E+00   3.230000000000E+02
 2.943775177002E+00   3.100000000000E+02
 2.951211690903E+00   3.380000000000E+02
 2.958648204803E+00   3.040000000000E+02
 2.966084718704E+00   3.010000000000E+02
 2.973521471024E+00   2.750000000000E+02
 2.980957984924E+00   2.910000000000E+02
 2.988394498825E+00   2.820000000000E+02
 2.995831012726E+00   2.990000000000E+02
 3.003267526627E+00   2.950000000000E+02
 3.010704278946E+00   2.790000000000E+02
 3.018140792847E+00   2.570000000000E+02
 3.025577306747E+00   2.840000000000E+02
 3.033013820648E+00   2.620000000000E+02
 3.040450334549E+00   2.680000000000E+02
 3.047887086868E+00   2.470000000000E+02
 3.055323600769E+00   2.410000000000E+02
 3.062760114670E+00   2.670000000000E+02
 3.070196628571E+00   2.690000000000E+02
 3.077633142471E+00   2.180000000000E+02
 3.085069894791E+00   2.430000000000E+02
 3.092506408691E+00   2.440000000000E+02
 3.099942922592E+00   2.370000000000E+02
 3.107379436493E+00   2.130000000000E+02
 3.114816188812E+00   2.330000000000E+02
 3.122252702713E+00   2.590000000000E+02
 3.129689216614E+00   1.840000000000E+02
 3.137125730515E+00   2.090000000000E+02
 3.144562244415E+00   1.890000000000E+02
 3.151998996735E+00   2.330000000000E+02
 3.159435510635E+00   2.080000000000E+02
 3.166872024536E+00   2.080000000000E+02
 3.174308538437E+00   2.020000000000E+02
 3.181745052338E+00   1.860000000000E+02
 3.189181804657E+00   2.070000000000E+02
 3.196618318558E+00   1.650000000000E+02
 3.204054832458E+00   1.990000000000E+02
 3.211491346359E+00   1.890000000000E+02
 3.218927860260E+00   1.550000000000E+02
 3.226364612579E+00   1.880000000000E+02
 3.233801126480E+00   1.810000000000E+02
 3.241237640381E+00   1.870000000000E+02
 3.248674154282E+00   1.650000000000E+02
 3.256110906601E+00   1.520000000000E+02
 3.263547420502E+00   1.650000000000E+02
 3.270983934402E+00   1.570000000000E+02
 3.278420448303E+00   1.680000000000E+02
 3.285856962204E+00   1.540000000000E+02
 3.293293714523E+00   1.240000000000E+02
 3.300730228424E+00   1.510000000000E+02
 3.308166742325E+00   1.300000000000E+02
 3.315603256226E+00   1.380000000000E+02
 3.323039770126E+00   1.100000000000E+02
 3.330476522446E+00   1.270000000000E+02
 3.337913036346E+00   1.170000000000E+02
 3.345349550247E+00   1.270000000000E+02
 3.352786064148E+00   1.070000000000E+02
 3.360222578049E+00   1.280000000000E+02
 3.367659330368E+00   1.350000000000E+02
 3.375095844269E+00   1.360000000000E+02
 3.382532358170E+00   1.200000000000E+02
 3.389968872070E+00   1.100000000000E+02
 3.397405385971E+00   1.010000000000E+02
 3.404842138290E+00   9.500000000000E+01
 3.412278652191E+00   1.190000000000E+02
 3.419715166092E+00   8.800000000000E+01
 3.427151679993E+00   1.090000000000E+02
 3.434588432312E+00   1.140000000000E+02
 3.442024946213E+00   1.150000000000E+02
 3.449461460114E+00   1.160000000000E+02
 3.456897974014E+00   1.060000000000E+02
 3.464334487915E+00   9.400000000000E+01
 3.471771240234E+00   9.600000000000E+01
 3.479207754135E+00   1.000000000000E+02
 3.486644268036E+00   1.000000000000E+02
 3.494080781937E+00   9.700000000000E+01
 3.501517295837E+00   9.800000000000E+01
 3.508954048157E+00   1.050000000000E+02
 3.516390562057E+00   9.700000000000E+01
 3.523827075958E+00   9.500000000000E+01
 3.531263589859E+00   8.700000000000E+01
 3.538700103760E+00   1.030000000000E+02
 3.546136856079E+00   7.500000000000E+01
 3.553573369980E+00   7.800000000000E+01
 3.561009883881E+00   6.000000000000E+01
 3.568446397781E+00   7.900000000000E+01
 3.575882911682E+00   8.700000000000E+01
 3.583319664001E+00   6.500000000000E+01
 3.590756177902E+00   1.100000000000E+02
 3.598192691803E+00   7.600000000000E+01
 3.605629205704E+00   7.700000000000E+01
 3.613065958023E+00   7.700000000000E+01
 3.620502471924E+00   6.200000000000E+01
 3.627938985825E+00   9.100000000000E+01
 3.635375499725E+00   8.100000000000E+01
 3.642812013626E+00   6.600000000000E+01
 3.650248765945E+00   8.000000000000E+01
 3.657685279846E+00   5.000000000000E+01
 3.665121793747E+00   6.700000000000E+01
 3.672558307648E+00   6.600000000000E+01
 3.679994821548E+00   7.000000000000E+01
 3.687431573868E+00   7.500000000000E+01
 3.694868087769E+00   5.500000000000E+01
 3.702304601669E+00   6.100000000000E+01
 3.709741115570E+00   5.800000000000E+01
 3.717177629471E+00   5.900000000000E+01
 3.724614381790E+00   6.700000000000E+01
 3.732050895691E+00   6.900000000000E+01
 3.739487409592E+00   5.300000000000E+01
 3.746923923492E+00   6.000000000000E+01
 3.754360437393E+00   5.300000000000E+01
 3.761797189713E+00   5.900000000000E+01
 3.769233703613E+00   4.000000000000E+01
 3.776670217514E+00   5.000000000000E+01
 3.784106731415E+00   4.900000000000E+01
 3.791543483734E+00   4.400000000000E+01
 3.798979997635E+00   5.400000000000E+01
 3.806416511536E+00   5.000000000000E+01
 3.813853025436E+00   3.600000000000E+01
 3.821289539337E+00   4.300000000000E+01
 3.828726291656E+00   4.200000000000E+01
 3.836162805557E+00   5.100000000000E+01
 3.843599319458E+00   3.400000000000E+01
 3.851035833359E+00   4.900000000000E+01
 3.858472347260E+00   5.100000000000E+01
 3.865909099579E+00   3.200000000000E+01
 3.873345613480E+00   2.600000000000E+01
 3.880782127380E+00   3.300000000000E+01
 3.888218641281E+00   4.500000000000E+01
 3.895655155182E+00   3.800000000000E+01
 3.903091907501E+00   3.200000000000E+01
 3.910528421402E+00   3.100000000000E+01
 3.917964935303E+00   3.700000000000E+01
 3.925401449203E+00   2.800000000000E+01
 3.932837963104E+00   3.300000000000E+01
 3.940274715424E+00   4.200000000000E+01
 3.947711229324E+00   3.600000000000E+01
 3.955147743225E+00   3.300000000000E+01
 3.962584257126E+00   2.900000000000E+01
 3.970021009445E+00   3.000000000000E+01
 3.977457523346E+00   3.000000000000E+01
 3.984894037247E+00   3.200000000000E+01
 3.992330551147E+00   3.300000000000E+01
 3.999767065048E+00   3.300000000000E+01
 4.007203578949E+00   4.000000000000E+01
 4.014640331268E+00   2.700000000000E+01
 4.022076606750E+00   3.400000000000E+01
 4.029513359070E+00   1.800000000000E+01
 4.036950111389E+00   2.200000000000E+01
 4.044386386871E+00   2.700000000000E+01
 4.051823139191E+00   3.000000000000E+01
 4.059259891510E+00   2.100000000000E+01
 4.066696166992E+00   2.500000000000E+01
 4.074132919312E+00   1.800000000000E+01
 4.081569194794E+00   1.600000000000E+01
 4.089005947113E+00   1.500000000000E+01
 4.096442699432E+00   2.300000000000E+01
 4.103878974915E+00   1.500000000000E+01
 4.111315727234E+00   2.200000000000E+01
 4.118752002716E+00   1.400000000000E+01
 4.126188755035E+00   1.700000000000E+01
 4.133625507355E+00   1.700000000000E+01
 4.141061782837E+00   1.400000000000E+01
 4.148498535156E+00   1.600000000000E+01
 4.155934810638E+00   1.100000000000E+01
 4.163371562958E+00   1.300000000000E+01
 4.170808315277E+00   1.200000000000E+01
 4.178244590759E+00   2.400000000000E+01
 4.185681343079E+00   1.800000000000E+01
 4.193117618561E+00   1.500000000000E+01
 4.200554370880E+00   1.100000000000E+01
 4.207991123199E+00   1.100000000000E+01
 4.215427398682E+00   1.400000000000E+01
 4.222864151001E+00   1.300000000000E+01
 4.230300426483E+00   1.500000000000E+01
 4.237737178802E+00   8.000000000000E+00
 4.245173931122E+00   1.100000000000E+01
 4.252610206604E+00   8.000000000000E+00
 4.260046958923E+00   1.000000000000E+01
 4.267483234406E+00   5.000000000000E+00
 4.274919986725E+00   9.000000000000E+00
 4.282356739044E+00   1.000000000000E+01
 4.289793014526E+00   1.500000000000E+01
 4.297229766846E+00   7.000000000000E+00
 4.304666042328E+00   1.300000000000E+01
 4.312102794647E+00   8.000000000000E+00
 4.319539546967E+00   7.000000000000E+00
 4.326975822449E+00   1.400000000000E+01
 4.334412574768E+00   1.200000000000E+01
 4.341848850250E+00   1.300000000000E+01
 4.349285602570E+00   9.000000000000E+00
 4.356722354889E+00   6.000000000000E+00
 4.364158630371E+00   7.000000000000E+00
 4.371595382690E+00   4.000000000000E+00
 4.379032135010E+00   8.000000000000E+00
 4.386468410492E+00   6.000000000000E+00
 4.393905162811E+00   1.400000000000E+01
 4.401341438293E+00   8.000000000000E+00
 4.408778190613E+00   1.000000000000E+01
 4.416214942932E+00   1.100000000000E+01
 4.423651218414E+00   6.000000000000E+00
 4.431087970734E+00   7.000000000000E+00
 4.438524246216E+00   6.000000000000E+00
 4.445960998535E+00   8.000000000000E+00
 4.453397750854E+00   1.600000000000E+01
 4.460834026337E+00   1.000000000000E+00
 4.468270778656E+00   9.000000000000E+00
 4.475707054138E+00   6.000000000000E+00
 4.483143806458E+00   1.000000000000E+00
 4.490580558777E+00   5.000000000000E+00
 4.498016834259E+00   6.000000000000E+00
 4.505453586578E+00   3.000000000000E+00
 4.512889862061E+00   2.000000000000E+00
 4.520326614380E+00   5.000000000000E+00
 4.527763366699E+00   3.000000000000E+00
 4.535199642181E+00   2.000000000000E+00
 4.542636394501E+00   4.000000000000E+00
 4.550072669983E+00   2.000000000000E+00
 4.557509422302E+00   8.000000000000E+00
 4.564946174622E+00   1.000000000000E+00
 4.572382450104E+00   5.000000000000E+00
 4.579819202423E+00   8.000000000000E+00
 4.587255477905E+00   4.000000000000E+00
 4.594692230225E+00   8.000000000000E+00
 4.602128982544E+00   9.000000000000E+00
 4.609565258026E+00   3.000000000000E+00
 4.617002010345E+00   6.000000000000E+00
 4.624438285828E+00   3.000000000000E+00
 4.631875038147E+00   4.000000000000E+00
 4.639311790466E+00   6.000000000000E+00
 4.646748065948E+00   4.000000000000E+00
 4.654184818268E+00   4.000000000000E+00
 4.661621093750E+00   6.000000000000E+00
 4.669057846069E+00   2.000000000000E+00
 4.676494598389E+00   3.000000000000E+00
 4.683930873871E+00   2.000000000000E+00
 4.691367626190E+00   3.000000000000E+00
 4.698803901672E+00   2.000000000000E+00
 4.706240653992E+00   4.000000000000E+00
 4.713677406311E+00   5.000000000000E+00
 4.721113681793E+00   2.000000000000E+00
 4.728550434113E+00   6.000000000000E+00
 4.735987186432E+00   3.000000000000E+00
 4.743423461914E+00   3.000000000000E+00
 4.750860214233E+00   1.000000000000E+00
 4.758296489716E+00   2.000000000000E+00
 4.765733242035E+00   2.000000000000E+00
 4.773169994354E+00   3.000000000000E+00
 4.780606269836E+00   1.000000000000E+00
 4.788043022156E+00   2.000000000000E+00
 4.795479297638E+00   2.000000000000E+00
 4.802916049957E+00   1.000000000000E+00
 4.810352802277E+00   2.000000000000E+00
 4.817789077759E+00   2.000000000000E+00
 4.825225830078E+00   0.000000000000E+00
 4.832662105560E+00   0.000000000000E+00
 4.840098857880E+00   4.000000000000E+00
 4.847535610199E+00   1.000000000000E+00
 4.854971885681E+00   1.000000000000E+00
 4.862408638000E+00   0.000000000000E+00
 4.869844913483E+00   1.000000000000E+00
 4.877281665802E+00   2.000000000000E+00
 4.884718418121E+00   1.000000000000E+00
 4.892154693604E+00   0.000000000000E+00
 4.899591445923E+00   1.000000000000E+00
 4.907027721405E+00   0.000000000000E+00
 4.914464473724E+00   1.000000000000E+00
 4.921901226044E+00   0.000000000000E+00
 4.929337501526E+00   2.000000000000E+00
 4.936774253845E+00   0.000000000000E+00
 4.944210529327E+00   0.000000000000E+00
 4.951647281647E+00   0.000000000000E+00
 4.959084033966E+00   0.000000000000E+00
 4.966520309448E+00   1.000000000000E+00
 4.973957061768E+00   2.000000000000E+00
 4.981393337250E+00   1.000000000000E+00
 4.988830089569E+00   0.000000000000E+00
 4.996266841888E+00   0.000000000000E+00
 5.003703117371E+00   2.000000000000E+00
 5.011139869690E+00   0.000000000000E+00
 5.018576145172E+00   4.000000000000E+00
 5.026012897491E+00   3.000000000000E+00
 5.033449649811E+00   2.000000000000E+00
 5.040885925293E+00   1.000000000000E+00
 5.048322677612E+00   3.000000000000E+00
 5.055759429932E+00   2.000000000000E+00
 5.063195705414E+00   2.000000000000E+00
 5.070632457733E+00   2.000000000000E+00
 5.078068733215E+00   2.000000000000E+00
 5.085505485535E+00   1.000000000000E+00
 5.092942237854E+00   0.000000000000E+00
 5.100378513336E+00   1.000000000000E+00
 5.107815265656E+00   0.000000000000E+00
 5.115251541138E+00   0.000000000000E+00
 5.122688293457E+00   0.000000000000E+00
 5.130125045776E+00   1.000000000000E+00
 5.137561321259E+00   0.000000000000E+00
 5.144998073578E+00   0.000000000000E+00
 5.152434349060E+00   0.000000000000E+00
 5.159871101379E+00   1.000000000000E+00
 5.167307853699E+00   2.000000000000E+00
 5.174744129181E+00   0.000000000000E+00
 5.182180881500E+00   0.000000000000E+00
 5.189617156982E+00   0.000000000000E+00
 5.197053909302E+00   0.000000000000E+00
 5.204490661621E+00   1.000000000000E+00
 5.211926937103E+00   0.000000000000E+00
 5.219363689423E+00   1.000000000000E+00
 5.226799964905E+00   0.000000000000E+00
 5.234236717224E+00   1.000000000000E+00
 5.241673469543E+00   0.000000000000E+00
 5.249109745026E+00   0.000000000000E+00
 5.256546497345E+00   1.000000000000E+00
 5.263982772827E+00   0.000000000000E+00
 5.271419525146E+00   0.000000000000E+00
 5.278856277466E+00   0.000000000000E+00
 5.286292552948E+00   0.000000000000E+00
 5.293729305267E+00   0.000000000000E+00
 5.301165580750E+00   0.000000000000E+00
 5.308602333069E+00   1.000000000000E+00
 5.316039085388E+00   0.000000000000E+00
 5.323475360870E+00   1.000000000000E+00
 5.330912113190E+00   0.000000000000E+00
 5.338348388672E+00   1.000000000000E+00
 5.345785140991E+00   0.000000000000E+00
 5.353221893311E+00   0.000000000000E+00
 5.360658168793E+00   1.000000000000E+00
 5.368094921112E+00   1.000000000000E+00
 5.375531196594E+00   1.000000000000E+00
 5.382967948914E+00   0.000000000000E+00
 5.390404701233E+00   0.000000000000E+00
 5.397840976715E+00   2.000000000000E+00
 5.405277729034E+00   1.000000000000E+00
 5.412714481354E+00   1.000000000000E+00
 5.420150756836E+00   0.000000000000E+00
 5.427587509155E+00   0.000000000000E+00
 5.435023784637E+00   0.000000000000E+00
 5.442460536957E+00   0.000000000000E+00
 5.449897289276E+00   0.000000000000E+00
 5.457333564758E+00   0.000000000000E+00
 5.464770317078E+00   2.000000000000E+00
 5.472206592560E+00   0.000000000000E+00
 5.479643344879E+00   0.000000000000E+00
 5.487080097198E+00   0.000000000000E+00
 5.494516372681E+00   1.000000000000E+00
 5.501953125000E+00   1.000000000000E+00
 5.509389400482E+00   0.000000000000E+00
 5.516826152802E+00   0.000000000000E+00
 5.524262905121E+00   0.000000000000E+00
 5.531699180603E+00   1.000000000000E+00
 5.539135932922E+00   0.000000000000E+00
 5.546572208405E+00   0.000000000000E+00
 5.554008960724E+00   0.000000000000E+00
 5.561445713043E+00   0.000000000000E+00
 5.568881988525E+00   0.000000000000E+00
 5.576318740845E+00   0.000000000000E+00
 5.583755016327E+00   0.000000000000E+00
 5.591191768646E+00   0.000000000000E+00
 5.598628520966E+00   0.000000000000E+00
 5.606064796448E+00   0.000000000000E+00
 5.613501548767E+00   0.000000000000E+00
 5.620937824249E+00   0.000000000000E+00
 5.628374576569E+00   1.000000000000E+00
 5.635811328888E+00   0.000000000000E+00
 5.643247604370E+00   0.000000000000E+00
 5.650684356689E+00   0.000000000000E+00
 5.658120632172E+00   0.000000000000E+00
 5.665557384491E+00   0.000000000000E+00
 5.672994136810E+00   0.000000000000E+00
 5.680430412292E+00   0.000000000000E+00
 5.687867164612E+00   0.000000000000E+00
 5.695303440094E+00   1.000000000000E+00
 5.702740192413E+00   0.000000000000E+00
 5.710176944733E+00   0.000000000000E+00
 5.717613220215E+00   0.000000000000E+00
 5.725049972534E+00   0.000000000000E+00
 5.732486248016E+00   0.000000000000E+00
 5.739923000336E+00   0.000000000000E+00
 5.747359752655E+00   0.000000000000E+00
 5.754796028137E+00   0.000000000000E+00
 5.762232780457E+00   0.000000000000E+00
 5.769669532776E+00   0.000000000000E+00
 5.777105808258E+00   1.000000000000E+00
 5.784542560577E+00   0.000000000000E+00
 5.791978836060E+00   0.000000000000E+00
 5.799415588379E+00   0.000000000000E+00
 5.806852340698E+00   1.000000000000E+00
 5.814288616180E+00   0.000000000000E+00
 5.821725368500E+00   0.000000000000E+00
 5.829161643982E+00   0.000000000000E+00
 5.836598396301E+00   0.000000000000E+00
 5.844035148621E+00   0.000000000000E+00
 5.851471424103E+00   0.000000000000E+00
 5.858908176422E+00   1.000000000000E+00
 5.866344451904E+00   0.000000000000E+00
 5.873781204224E+00   1.000000000000E+00
 5.881217956543E+00   0.000000000000E+00
