-5.127558466513E+02
-5.101669044279E+02
-5.007938747677E+02
-5.219861366993E+02
-5.260469113348E+02
-5.052329313613E+02
-5.166038051308E+02
-4.988772183968E+02
-5.040410117639E+02
-5.096672951915E+02
-5.129231075839E+02
-5.093210430711E+02
-5.250619236371E+02
-5.024633303339E+02
-5.188725298678E+02
-5.099051606413E+02
-5.309945344067E+02
-5.221853777791E+02
-5.350327091066E+02
-5.399097988940E+02
-5.107773294046E+02
-5.035518554428E+02
-5.106154468068E+02
-5.022333907923E+02
-5.095379801137E+02
-5.235949798448E+02
-5.269326799936E+02
-5.240582989375E+02
-5.126949317402E+02
-5.207119798523E+02
-5.276909059862E+02
-5.162359583094E+02
-5.131061573508E+02
-5.255528086535E+02
-5.132989532028E+02
-4.863264562903E+02
-5.007453645070E+02
-5.060989134260E+02
-5.327588138053E+02
-5.150765864461E+02
-5.041409625435E+02
-5.035674257328E+02
-5.088222571392E+02
-5.137133807783E+02
-5.218067695611E+02
-5.222899258411E+02
-5.326898637963E+02
-5.356578749859E+02
-5.330892735941E+02
-5.401876138038E+02
-5.354226099041E+02
-5.312316898202E+02
-5.354243222157E+02
-5.295661948880E+02
-5.274800695742E+02
-5.181531159048E+02
-5.365046739487E+02
-5.421225034300E+02
-5.290701086129E+02
-5.145639699695E+02
-5.166104608382E+02
-5.219813928227E+02
-5.372726778348E+02
-5.188939419707E+02
-5.326999388422E+02
-5.344086124831E+02
-5.338726734435E+02
-4.908054229801E+02
-5.183060978843E+02
-5.122480896230E+02
-5.315249015138E+02
-5.283689470910E+02
-5.247563990394E+02
-5.284576167050E+02
-5.238448640378E+02
-5.418603437241E+02
-5.453459029808E+02
-5.137898607931E+02
-5.240079802516E+02
-5.314011759630E+02
-5.363659145774E+02
-4.971485275072E+02
-5.130623582997E+02
-5.038068479080E+02
-5.024390912339E+02
-5.111957872596E+02
-5.295369577359E+02
-5.383017520243E+02
-5.302397938125E+02
-5.163020647390E+02
-5.186342647040E+02
-5.153562240965E+02
-5.156640974639E+02
-5.214091499525E+02
-5.284511148910E+02
-5.279037242010E+02
-5.160031687313E+02
-5.225875670803E+02
-5.073941054775E+02
-5.171871156708E+02
-5.376920391309E+02
-5.210055146201E+02
-5.156288239830E+02
-5.221987177939E+02
-5.295402831846E+02
-5.133400462378E+02
-5.144509266197E+02
-5.144752727663E+02
-5.246349596653E+02
-5.074779017156E+02
-5.141912914391E+02
-5.314462400664E+02
-5.281283163236E+02
-5.166638243706E+02
-5.175991043693E+02
-5.004799617287E+02
-5.268336746794E+02
-5.233848562010E+02
-5.402739575683E+02
-5.380263682691E+02
-5.314593439417E+02
-5.259538759478E+02
-5.154665294849E+02
-5.302324916746E+02
-5.243672399508E+02
-5.133487798142E+02
-5.183001524653E+02
-5.147458502548E+02
-5.135440653431E+02
-5.009185941875E+02
-5.004278486628E+02
-5.084867836527E+02
-5.164627526980E+02
-5.186752464796E+02
-5.191675521412E+02
-5.144735050703E+02
-5.051003600096E+02
-5.166724247818E+02
-5.208946486189E+02
-4.914327970872E+02
-5.169283888672E+02
-5.263922429513E+02
-5.226084321362E+02
-5.259075104323E+02
-5.263194466634E+02
-5.206331879575E+02
-5.376796364240E+02
-5.274709945904E+02
-5.323656156552E+02
-5.180649333789E+02
-5.053944382100E+02
-5.253548998071E+02
-5.084705984282E+02
-5.019459606747E+02
-5.257890103685E+02
-5.395970541191E+02
-5.336135829770E+02
-5.342713570286E+02
-5.320447106289E+02
-5.422564923217E+02
-5.169453853471E+02
-5.347290011113E+02
-5.427458542574E+02
-5.304738060194E+02
-5.376437266215E+02
-4.980684793425E+02
-5.161458870770E+02
-4.908598528073E+02
-5.339103069069E+02
-5.280503944658E+02
-5.148824198717E+02
-5.328681564451E+02
-5.308746093385E+02
-5.373706620809E+02
-5.095286017908E+02
-5.278003271831E+02
-5.266412730821E+02
-5.354204507405E+02
-5.016203810461E+02
-4.938362816105E+02
-5.045719799880E+02
-5.128648317443E+02
-4.918312549739E+02
-5.339856107812E+02
-5.147677377549E+02
-5.152792387085E+02
-5.068745460302E+02
-5.065952058992E+02
-5.275990717214E+02
-5.316160171910E+02
-5.218238948949E+02
-5.466870960670E+02
-5.511616140056E+02
-5.369105474548E+02
-5.434322614614E+02
-5.267764265094E+02
-5.256811830853E+02
-5.392238870218E+02
-4.954139366770E+02
-5.184912367220E+02
-5.236372542428E+02
-5.350707758166E+02
-5.373360333155E+02
-5.369987327311E+02
-5.297056121272E+02
-5.286116655612E+02
-5.147323586513E+02
-4.984804323262E+02
-5.394194857628E+02
-5.325869352240E+02
-5.160935322863E+02
-5.089232059331E+02
-5.002866432806E+02
-5.228207001135E+02
-5.422159264503E+02
-5.323788334431E+02
-5.266285158128E+02
-5.326829053228E+02
-5.419483827752E+02
-5.240285188637E+02
-5.320953489478E+02
-5.161307393834E+02
-5.155173093449E+02
-5.276116515221E+02
-4.958937385539E+02
-5.112299536740E+02
-5.048495297084E+02
-4.894838013545E+02
-5.138087569283E+02
-5.133277027658E+02
-5.110902432649E+02
-5.127866657453E+02
-5.166970659475E+02
-4.956372417217E+02
-5.254145371890E+02
-5.381852193230E+02
-5.315691616309E+02
-5.378683606715E+02
-5.310575361863E+02
-5.257518886239E+02
-5.303108260311E+02
-5.329811394473E+02
-5.241133682158E+02
-5.194753563354E+02
-5.247105886092E+02
-5.287605556852E+02
-5.196379151994E+02
-5.152576821714E+02
-5.212705956615E+02
-5.418694838917E+02
-5.373005916281E+02
-4.995996892257E+02
-5.144102809149E+02
-5.221580362756E+02
-5.037829635735E+02
-5.237906515803E+02
-5.153494563662E+02
-5.213215711962E+02
-5.243604393657E+02
-5.111708618827E+02
-5.224546504588E+02
-5.293410255569E+02
-5.358214207373E+02
-5.175095012599E+02
-4.929930607659E+02
-5.119524750188E+02
-5.247334891031E+02
-5.261262522169E+02
-5.192462028117E+02
-5.296546514170E+02
-5.226219803220E+02
-5.388599452745E+02
-5.226991675251E+02
-5.201343851437E+02
-5.128693334561E+02
-5.280141815662E+02
-5.123195409848E+02
-5.148920464785E+02
-5.143024081853E+02
-5.132987376117E+02
-5.354516892128E+02
-5.305584511548E+02
-5.197013270883E+02
-5.298724181656E+02
-5.298303153903E+02
-5.356597394247E+02
-5.243589585304E+02
-5.163178394744E+02
-5.239569278314E+02
-5.247796685361E+02
-5.170534953275E+02
-5.360072227795E+02
-5.418414880569E+02
-5.390358692153E+02
-5.235430430274E+02
-5.155300779362E+02
-5.209831140727E+02
-5.089458338104E+02
-5.057817124535E+02
-5.075325416803E+02
-5.255575408680E+02
-5.129349759649E+02
-5.242163726451E+02
-5.459218919267E+02
-5.261517096998E+02
-5.194348140996E+02
-5.238148116263E+02
-5.147111385364E+02
-5.299238543998E+02
-5.075607928593E+02
-5.237699777631E+02
-5.314614198412E+02
-5.228074968876E+02
-5.210338617474E+02
-5.245087421486E+02
-5.137847687651E+02
-5.231520557750E+02
-5.140544041206E+02
-5.134538169005E+02
-5.171669035455E+02
-4.977708678780E+02
-5.116860226128E+02
-5.226243709581E+02
-5.138020983680E+02
-5.304638473925E+02
-5.416772497497E+02
-5.166400806077E+02
-5.005283116119E+02
-5.273989881695E+02
-5.219119318354E+02
-5.026395892368E+02
-5.079132550658E+02
-5.084805423834E+02
-5.045291468962E+02
-5.237568262099E+02
-5.290900714051E+02
-5.370101217025E+02
-5.049762918717E+02
-5.279198451576E+02
-5.202888772213E+02
-5.102561606603E+02
-5.322633278584E+02
-5.198601415382E+02
-5.202262658625E+02
-5.400466192702E+02
-5.246822360597E+02
-5.265710759045E+02
-5.166346615908E+02
-4.953720208201E+02
-5.045328343923E+02
-5.197955407935E+02
-5.179551728790E+02
-5.052635199962E+02
-5.089051299543E+02
-5.209053828520E+02
-5.270735455803E+02
-5.119800409122E+02
-5.070973766257E+02
-5.011148887091E+02
-5.051942308897E+02
-5.120887614451E+02
-5.104363701729E+02
-5.179925993556E+02
-5.159669699216E+02
-5.184700731184E+02
-5.159322442741E+02
-5.170238034107E+02
-5.043270787420E+02
-5.059185392562E+02
-5.167314907851E+02
-5.305147453567E+02
-5.298024089602E+02
-5.210876618586E+02
-5.278262507319E+02
-5.237925188487E+02
-5.461186996946E+02
-5.287085167717E+02
-5.253093787939E+02
-4.925329897653E+02
-5.116073100737E+02
-5.193098583736E+02
-5.186306856017E+02
-5.183581698781E+02
-4.996089505642E+02
-5.164570954944E+02
-5.129055476271E+02
-5.268308662305E+02
-5.298816777514E+02
-5.247633621366E+02
-5.235098180065E+02
-5.134228357758E+02
-5.143348795727E+02
-5.249571341218E+02
-5.359492274537E+02
-5.267706739009E+02
-5.079589910691E+02
-5.159002170949E+02
-4.970741463146E+02
-5.207865799257E+02
-5.238613228223E+02
-5.250536471343E+02
-5.216012286618E+02
-5.305730039362E+02
-5.148695644499E+02
-5.215766469662E+02
-4.940883397114E+02
-5.320887947312E+02
-5.183237248273E+02
-5.203115476385E+02
-5.131520550087E+02
-5.067224295708E+02
-5.069638916907E+02
-5.237903635200E+02
-5.402608607329E+02
-5.361137506818E+02
-5.162206011194E+02
-5.181421877251E+02
-5.102923369368E+02
-5.167724174433E+02
-5.287685189033E+02
-5.280241553257E+02
-5.246619680949E+02
-5.323605584886E+02
-5.098399134455E+02
-5.371042898271E+02
-5.309076206029E+02
-5.232099907790E+02
-5.299913484984E+02
-5.384024405321E+02
-5.285228023010E+02
-5.266560839056E+02
-5.394637566723E+02
-5.249828410817E+02
-5.425228337106E+02
-5.338805276194E+02
-5.309314116881E+02
-5.180896229088E+02
-5.144201814193E+02
-5.035083196081E+02
-5.015042715783E+02
-5.241117368749E+02
-5.183804939292E+02
-5.194096302559E+02
-5.131793998599E+02
-5.361894880001E+02
-5.209917960969E+02
-5.083034354895E+02
-5.150481786046E+02
-5.142315308588E+02
-5.076054115677E+02
-5.358623400150E+02
-5.035972212304E+02
-5.079189916099E+02
-5.265555006429E+02
-5.262825877422E+02
-5.373097192860E+02
-5.141702217087E+02
-5.141770182871E+02
-5.146393115095E+02
-5.265225735152E+02
-5.304995136297E+02
-5.147442842113E+02
-5.294974733819E+02
-5.163649080748E+02
-5.030681953779E+02
-4.969200769960E+02
-5.051147687787E+02
-5.202382802668E+02
-5.138363764472E+02
-5.091389739026E+02
-5.145671053758E+02
-5.238742295258E+02
-5.198046259673E+02
-5.268891302532E+02
-4.996083872814E+02
-5.176782085320E+02
-5.138139298296E+02
-5.037611001736E+02
-5.113438805492E+02
-5.200624807434E+02
-5.178529616737E+02
-5.302825025191E+02
-5.043483322376E+02
-5.316704425867E+02
-5.387934835392E+02
-5.270867677988E+02
-5.277959878100E+02
-5.140942442055E+02
-5.104322884462E+02
-5.045968180703E+02
-5.293687854428E+02
-5.430308964383E+02
-5.403220094060E+02
-5.154577201397E+02
-5.029428438696E+02
-5.314068291505E+02
-5.175178223603E+02
-5.073009717922E+02
-5.175594580056E+02
-5.179500302830E+02
-5.228239680753E+02
-5.346058050967E+02
-5.064943177485E+02
-5.101873584543E+02
-5.223342565562E+02
-5.233079206033E+02
-5.218652225577E+02
-5.267553865100E+02
-5.357885569108E+02
-5.230510222430E+02
-5.121575732698E+02
-5.089331204746E+02
-5.316279084565E+02
-5.378681665446E+02
-5.236014357861E+02
-5.265025799658E+02
-5.263589721814E+02
-5.204340730490E+02
-5.093611654562E+02
-5.174485352847E+02
-5.134717299951E+02
-5.150539574990E+02
-5.199170792191E+02
-5.177175917842E+02
-5.223705264386E+02
-5.100231286734E+02
-4.927372180172E+02
-5.231888203316E+02
-5.198376325550E+02
-5.240418171336E+02
-5.375299247546E+02
-5.233763096099E+02
-5.301313880983E+02
-5.176785132943E+02
-5.203868186902E+02
-5.336496684568E+02
-5.392505914931E+02
-5.371204483019E+02
-5.313456975428E+02
-5.241971426916E+02
-5.113670987060E+02
-5.210634163542E+02
-5.114097311962E+02
-5.326668613374E+02
-5.244341502949E+02
-5.118908170918E+02
-5.189166274527E+02
-5.177136843135E+02
-5.151391603589E+02
-5.161450209404E+02
-5.229780287648E+02
-5.385231734597E+02
-5.437951515880E+02
-5.402821706283E+02
-5.270094248907E+02
-5.161950317944E+02
-5.189672304892E+02
-5.316824516327E+02
-5.144704509690E+02
-5.200719913899E+02
-5.346259041148E+02
-5.319936240130E+02
-5.141679175725E+02
-5.001231559282E+02
-5.115270312080E+02
-5.120921951236E+02
-4.883755275519E+02
-5.080153765987E+02
-5.039759434593E+02
-5.109902096133E+02
-5.024884211845E+02
-4.854262162888E+02
-4.848743944110E+02
-4.942606484942E+02
-5.002028961303E+02
-5.171442503795E+02
-5.410030615254E+02
-5.270827445551E+02
-5.126125124148E+02
-5.254402774428E+02
-5.228714618199E+02
-5.252796789693E+02
-5.213271441433E+02
-5.278976725337E+02
-5.225332379561E+02
-5.108453008352E+02
-5.369052135918E+02
-5.426348155376E+02
-5.285838138479E+02
-5.183858755111E+02
-4.977715374777E+02
-5.140345015705E+02
-5.078889273890E+02
-4.990948062472E+02
-4.998647329796E+02
-5.197137749051E+02
-5.118209376988E+02
-5.022498473496E+02
-5.156635074882E+02
-5.144179520546E+02
-5.320012471417E+02
-5.222869605845E+02
-5.159544985832E+02
-5.366510480868E+02
-5.249630674170E+02
-5.060723305557E+02
-5.042746827471E+02
-5.010543372620E+02
-5.168769354381E+02
-5.016460085339E+02
-5.170251066392E+02
-5.244906796593E+02
-5.026298480224E+02
-5.092185807057E+02
-5.266000713033E+02
-5.197268931708E+02
-5.062698869234E+02
-5.217207110094E+02
-5.095379584039E+02
-5.257846207143E+02
-5.416503338011E+02
-5.345296860056E+02
-5.355305985865E+02
-5.153711486212E+02
-5.191931829166E+02
-5.097498899647E+02
-5.035453705245E+02
-4.983965524008E+02
-5.063141087152E+02
-5.139961851026E+02
-5.263975464230E+02
-5.091052825636E+02
-4.997109753361E+02
-5.101585196370E+02
-5.134233801046E+02
-5.237137836905E+02
-5.161749284538E+02
-5.241923841094E+02
-5.095561832184E+02
-5.141540627422E+02
-5.275980777137E+02
-5.173908486520E+02
-4.992124656723E+02
-5.147568782677E+02
-5.163974712747E+02
-5.019788897861E+02
-5.313625417052E+02
-5.181598797883E+02
-5.007592419939E+02
-5.212955720222E+02
-5.075458480647E+02
-5.277392960892E+02
-5.265200054812E+02
-5.220549531186E+02
-5.227348005720E+02
-5.161708470351E+02
-4.986713201908E+02
-5.188239697925E+02
-5.351329220045E+02
-5.337440418661E+02
-5.273328805705E+02
-5.128053592289E+02
-5.347898245938E+02
-5.357228102432E+02
-5.269893105387E+02
-5.159512430206E+02
-5.206801435989E+02
-5.179897527207E+02
-5.087080145226E+02
-5.143161631310E+02
-5.148460430054E+02
-4.967842830995E+02
-5.218483253090E+02
-5.212636238624E+02
-5.209210103177E+02
-5.052145183064E+02
-5.214305375490E+02
-5.351924969201E+02
-5.154318675391E+02
-5.363392998475E+02
-5.448800668299E+02
-5.398875993539E+02
-5.331836203321E+02
-5.376132561494E+02
-5.301947831339E+02
-5.242171893047E+02
-4.837931083716E+02
-5.224223645249E+02
-5.299868971498E+02
-5.341623753336E+02
-5.371264550060E+02
-5.422823921798E+02
-5.213312172339E+02
-5.205693301783E+02
-5.058291905737E+02
-5.145777246349E+02
-4.831459835914E+02
-4.957129211936E+02
-5.175154840697E+02
-4.893120385654E+02
-5.052743965024E+02
-5.149437569931E+02
-5.206393705390E+02
-5.148206523726E+02
-4.983720588366E+02
-5.215346197746E+02
-5.116983717061E+02
-5.267624246539E+02
-5.026463947293E+02
-4.904366963007E+02
-5.152310972298E+02
-5.220427697893E+02
-5.232545819409E+02
-5.239320533908E+02
-5.163078905160E+02
-5.194424083702E+02
-5.203781957680E+02
-5.200942232459E+02
-5.168770843831E+02
-5.274515803854E+02
-5.335250055427E+02
-5.255294293443E+02
-5.332911158329E+02
-5.103121865700E+02
-5.125346852467E+02
-5.155404007790E+02
-5.069584478632E+02
-5.319210485250E+02
-5.313772419823E+02
-5.200109811731E+02
-4.952580253036E+02
-5.163115921793E+02
-5.303621729246E+02
-5.244226506114E+02
-5.318066985188E+02
-5.214554227275E+02
-5.065095904682E+02
-5.269878382092E+02
-5.135642139840E+02
-5.311297038413E+02
-5.046878147500E+02
-5.170286270965E+02
-5.338510586452E+02
-5.159723105940E+02
-5.276167954165E+02
-5.125150555822E+02
-5.119423136920E+02
-5.172858043849E+02
-5.320361821202E+02
-5.099177620407E+02
-4.967955901560E+02
-4.962820421653E+02
-5.285028403470E+02
-5.230103114013E+02
-5.187337659142E+02
-5.167297366741E+02
-5.275060661536E+02
-5.109492262515E+02
-4.999100799682E+02
-5.273849336063E+02
-5.073115720086E+02
-5.072808357307E+02
-5.174083433147E+02
-5.211703552014E+02
-5.106399891606E+02
-5.146396455485E+02
-5.361052827260E+02
-5.368693098925E+02
-5.249837081441E+02
-5.267290807926E+02
-5.403911075945E+02
-5.210787234992E+02
-5.089553976419E+02
-5.110876292623E+02
-5.179311064241E+02
-5.214345522966E+02
-5.109420563819E+02
-5.356485791945E+02
-5.338466270096E+02
-5.307062887330E+02
-5.304065348426E+02
-5.144541610787E+02
-5.192766367196E+02
-5.084400295804E+02
-5.251981071163E+02
-5.289302020209E+02
-5.149700013619E+02
-5.125480563675E+02
-5.190773937589E+02
-5.084262071816E+02
-5.161146473414E+02
-5.041416417656E+02
-5.093202232894E+02
-5.365749782581E+02
-5.291213356806E+02
-5.210431786928E+02
-4.940636409225E+02
-4.886145236678E+02
-5.091475317374E+02
-5.124762496818E+02
-5.113053950906E+02
-5.271104923303E+02
-5.077761179097E+02
-5.261126213381E+02
-5.403488726470E+02
-5.257759217467E+02
-5.390866482052E+02
-5.405431676915E+02
-5.199427646624E+02
-5.099046270125E+02
-5.253619591181E+02
-5.120371844622E+02
-5.160095919145E+02
-5.154997453893E+02
-5.017498294348E+02
-5.219589276825E+02
-5.206597287807E+02
-5.196777974242E+02
-5.148370372230E+02
-5.152601245259E+02
-5.182276122891E+02
-5.230344464756E+02
-5.302149907294E+02
-5.138926099117E+02
-5.066819391514E+02
-4.997587366461E+02
-5.256971839200E+02
-5.367536678367E+02
-5.344422543374E+02
-5.205353374990E+02
-5.143504420350E+02
-5.184470497939E+02
-5.117131079171E+02
-5.288015618808E+02
-5.372928034974E+02
-5.032407337755E+02
-5.041373391013E+02
-5.264012747730E+02
-5.332074214849E+02
-5.359101683771E+02
-5.151466849245E+02
-5.287630213189E+02
-5.049583781624E+02
-4.869471683901E+02
-4.842537752583E+02
-5.277857752172E+02
-5.268467441759E+02
-5.193063540086E+02
-5.215541084264E+02
-5.286156398167E+02
-5.234495775459E+02
-5.199205680614E+02
-5.403576788379E+02
-5.322132323247E+02
-5.262205860547E+02
-5.273218002169E+02
-5.157250689037E+02
-5.000214755602E+02
-5.196977104371E+02
-5.116227048442E+02
-5.086505316371E+02
-5.442376958212E+02
-5.273693381788E+02
-5.297717568879E+02
-5.209170968601E+02
-5.187556719864E+02
-5.092912893228E+02
-4.997012409687E+02
-5.137784455062E+02
-5.120604353055E+02
-5.055859682672E+02
-5.104730761609E+02
-5.278983840369E+02
-5.298101902690E+02
-5.302487475026E+02
-5.218474869522E+02
-5.285217594878E+02
-5.279597561904E+02
-5.266543575369E+02
-5.392325236442E+02
-5.361281872605E+02
-5.177933078133E+02
-4.994743021040E+02
-4.980878172159E+02
-5.210558117117E+02
-5.371848502140E+02
-5.170371142281E+02
-5.364061834630E+02
-5.107021803767E+02
-5.169353305512E+02
-5.233701040914E+02
-5.031258066565E+02
-5.037794398113E+02
-5.204274210456E+02
-5.169842848617E+02
-5.066120255909E+02
-5.072053077021E+02
-5.188148608121E+02
-5.171925828918E+02
-5.047986007934E+02
-5.277193549134E+02
-5.222126644387E+02
-5.225661355187E+02
-5.203234769732E+02
-4.923889864555E+02
-5.247186549791E+02
-5.375161967275E+02
-5.287819206731E+02
-5.054089055010E+02
-5.135448651848E+02
-5.041715359341E+02
-5.036476727577E+02
-5.221128324308E+02
-5.103666293948E+02
-5.214676300751E+02
-5.231677828880E+02
-5.100056820354E+02
-5.394343040969E+02
-5.118616794295E+02
-5.319363469692E+02
-5.234910994036E+02
-5.342019329521E+02
-5.069063013665E+02
-5.212583406515E+02
-5.166234811765E+02
-5.111150818930E+02
-5.145043058979E+02
-5.114980207489E+02
-4.914633325457E+02
-5.043635283517E+02
-5.257805301975E+02
-4.962289771130E+02
-4.839405791756E+02
-4.818696326501E+02
-4.970378995160E+02
-5.184966106814E+02
-5.289507963288E+02
-5.256119625834E+02
-5.389786196563E+02
-5.368713353628E+02
-5.451565149168E+02
-5.384821514114E+02
-5.423405159660E+02
-5.307474047732E+02
-5.205981493732E+02
-5.127030313403E+02
-4.810572245675E+02
-5.194442706325E+02
-5.171762829021E+02
-5.223304722766E+02
-5.233445304266E+02
-5.239203412391E+02
-5.228965628429E+02
-5.016745150169E+02
-5.147406024653E+02
-4.861813823331E+02
-5.074604069139E+02
-5.131593346444E+02
-5.084487319567E+02
-5.124611599337E+02
-5.302385861541E+02
-5.305207645844E+02
-5.105739399400E+02
-5.213740895056E+02
-5.303277486641E+02
-5.348856800312E+02
-5.368830762762E+02
-5.105559849574E+02
-5.115116813201E+02
-5.030984071181E+02
-5.189927080050E+02
-5.420256891874E+02
-5.346196697262E+02
-5.253329682949E+02
-5.322674936267E+02
-5.372407879729E+02
-5.231788071792E+02
-5.039526695518E+02
-5.183424361195E+02
-5.258646954739E+02
-5.243845064573E+02
-5.223941313338E+02
-5.310674920480E+02
-5.381387208673E+02
-5.305502695918E+02
-5.057057065927E+02
-4.943203953067E+02
-5.151333245501E+02
-5.161981342711E+02
-5.146889476779E+02
-5.274338347706E+02
-5.302447475359E+02
-5.184679684991E+02
-5.252237481040E+02
-5.191279883078E+02
-5.260811944768E+02
-5.366193397134E+02
-5.231167514786E+02
-5.233213543618E+02
-5.256495339654E+02
