------------------------------------------------------------
 Efn - quasi Fermi level for electrons
------------------------------------------------------------
Position (um) (#0), Energy (eV) (#0)
                   0,                  0.2
      0.487971470245,       0.199999999885
      0.951544366978,       0.199999999775
       1.39193861887,       0.199999999671
       1.81031315818,       0.199999999571
       2.20776897051,       0.199999999474
       2.58535199223,       0.199999999376
       2.94405586287,        0.19999999927
       3.28482453997,       0.199999999132
       3.60855478322,       0.199999998917
        3.9160985143,        0.19999999852
       4.20826505883,       0.199999997726
       4.48582327613,       0.199999996103
       4.74950358257,        0.19999999282
       4.99999987369,       0.199999986349
       5.25024593471,       0.199999973169
       5.48797969268,        0.19999994789
       5.71382676274,       0.199999901013
       5.92838147931,       0.199999816832
       6.13220846005,       0.199999670248
       6.32584409175,       0.199999422409
       6.50979794186,       0.199999014996
       6.68455409947,       0.199998363003
        6.8505724492,       0.199997345962
       7.00828988145,       0.199995797689
       7.15812144208,        0.19999349478
       7.30046142468,       0.199990144261
       7.43568440815,       0.199985370938
       7.56414624244,       0.199978705153
       7.68618498502,       0.199969571724
       7.80212179047,       0.199957280878
       7.91226175565,       0.199941021953
       8.01689472257,       0.199919860515
       8.11629604115,        0.19989273938
       8.21072729379,       0.199858483773
       8.30043698381,       0.199815810641
       8.38566118932,       0.199763341867
       8.46662418456,       0.199699620888
       8.54353903003,        0.19962313207
       8.61660813323,       0.199532322011
       8.68602378128,       0.199425621926
       8.75196864691,       0.199301470217
       8.81461626927,       0.199158334408
       8.87413151051,       0.198994731724
       8.93067098969,       0.198809247693
       8.98438349491,       0.198600552346
       9.03541037487,       0.198367413683
       9.08388591083,       0.198108708292
       9.12993766999,       0.197823429061
       9.17368684119,       0.197510690106
       9.21524855383,       0.197169729077
       9.25473218085,       0.196799907089
       9.29224162651,       0.196400706574
       9.32787559988,       0.195971727344
       9.36172787459,        0.19551268119
       9.39388753557,       0.195023385317
       9.42443921349,       0.194503754895
       9.45346330752,       0.193953794985
       9.48103619685,       0.193373592077
       9.50723044171,       0.192763305424
       9.53211497433,       0.192123158351
       9.55575528031,       0.191453429657
         9.578213571,        0.19075444524
       9.59954894715,       0.190026570002
        9.6198175545,       0.189270200116
       9.63907273148,       0.188485755666
       9.65736514961,       0.187673673714
       9.67474294683,       0.186834401773
       9.69125185419,       0.185968391699
       9.70693531618,       0.185076093982
       9.72183460508,       0.184157952417
       9.73598892953,       0.183214399123
       9.74943553775,       0.182245849881
       9.76220981557,       0.181252699763
       9.77434537949,       0.180235318987
       9.78587416522,       0.179194048991
       9.79682651166,       0.178129198656
       9.80723124078,       0.177041040635
       9.81711573345,       0.175929807758
       9.82650600148,       0.174795689439
       9.83542675611,       0.173638828046
       9.84390147301,       0.172459315172
       9.85195245406,        0.17125718775
       9.85960088606,       0.170032423947
       9.86686689646,        0.16878493876
       9.87376960634,       0.167514579245
       9.88032718072,       0.166221119308
       9.88655687639,       0.164904253961
       9.89247508728,       0.163563592995
       9.89809738761,       0.162198654006
       9.90343857294,       0.160808854782
       9.90851269899,        0.15939350511
       9.91333311875,       0.157951798222
       9.91791251751,       0.156482802228
       9.92226294634,       0.154985452218
       9.92639585373,       0.153458543975
       9.93032211574,       0.151900730754
       9.93405206466,       0.150310525048
       9.93759551613,       0.148686307853
       9.94096179503,       0.147026348518
       9.94415975998,       0.145328838683
       9.94719782668,       0.143591944005
       9.95008399005,        0.14181387691
       9.95282584525,       0.139992992202
       9.95543060769,       0.138127904441
       9.95790513201,       0.136217620959
       9.96025593011,       0.134261676909
       9.96248918831,       0.132260248808
        9.9646107836,       0.130214212207
       9.96662629912,       0.128125100524
       9.96854103887,       0.125994921872
       9.97036004163,       0.123825806771
       9.97208809425,       0.121619499529
       9.97372974424,       0.119376770355
       9.97528931173,       0.117096899826
       9.97677090085,       0.114777438671
       9.97817841051,        0.11241443039
       9.97951554469,       0.110003176621
       9.98078582215,       0.107539450551
       9.98199258575,       0.105020899939
       9.98313901117,       0.102448312457
       9.98422811531,      0.0998264703983
       9.98526276425,      0.0971644565738
       9.98624568074,      0.0944754157398
        9.9871794514,      0.0917758747686
       9.98806653354,      0.0890847679853
       9.98890926156,      0.0864223155753
       9.98970985319,      0.0838088828013
       9.99047041523,       0.081263920617
       9.99119294917,      0.0788050613169
       9.99187935642,       0.076447418046
        9.9925314433,      0.0742031140495
       9.99315092584,      0.0720810460624
       9.99373943425,      0.0700868667237
       9.99429851724,        0.06822315464
       9.99482964608,      0.0664897293047
       9.99533421848,      0.0648840625754
       9.99581356226,      0.0634017389357
       9.99626893885,       0.062036922373
       9.99670154661,      0.0607827966732
       9.99711252398,      0.0596319563349
       9.99750295249,      0.0585767353845
       9.99787385957,      0.0576094699254
       9.99822622129,      0.0567226966732
       9.99856096493,      0.0559092939097
       9.99887897139,       0.055162573511
       9.99918107752,      0.0544763334025
       9.99946807835,      0.0538448794416
       9.99974072913,      0.0532630247613
       9.99999974738,       0.052725427721
       10.0000001659,      0.0527245804707
       10.0000006305,      0.0527236509152
       10.0000011463,      0.0527226191933
       10.0000017187,      0.0527214740864
       10.0000023541,      0.0527202031462
       10.0000030594,      0.0527187925609
       10.0000038423,      0.0527172270064
       10.0000047113,      0.0527154894811
       10.0000056759,      0.0527135611239
       10.0000067466,       0.052711421012
       10.0000079351,      0.0527090459369
       10.0000092543,      0.0527064101564
       10.0000107186,      0.0527034851212
        10.000012344,       0.052700239171
       10.0000141482,      0.0526966371991
       10.0000161508,      0.0526926402824
       10.0000183738,      0.0526882052712
       10.0000208413,      0.0526832843371
       10.0000235801,      0.0526778244747
       10.0000266203,      0.0526717669502
       10.0000299949,       0.052665046696
       10.0000337407,      0.0526575916422
       10.0000378985,      0.0526493219824
       10.0000425137,      0.0526401493663
       10.0000476366,      0.0526299760133
       10.0000533229,      0.0526186937415
       10.0000596348,      0.0526061829036
        10.000066641,      0.0525923112248
       10.0000744178,      0.0525769325347
       10.0000830502,      0.0525598853864
        10.000092632,      0.0525409915575
       10.0001032679,      0.0525200544247
       10.0001150737,      0.0524968572099
       10.0001281782,      0.0524711610905
       10.0001427241,      0.0524427031742
       10.0001588701,      0.0524111943361
       10.0001767922,      0.0523763169219
       10.0001966857,      0.0523377223218
       10.0002187675,      0.0522950284257
       10.0002432783,      0.0522478169761
       10.0002704852,       0.052195630838
        10.000300685,      0.0521379712164
       10.0003342066,      0.0520742948562
       10.0003714157,      0.0520040112721
       10.0004127178,      0.0519264800611
       10.0004585631,      0.0518410083624
       10.0005094514,      0.0517468485362
       10.0005659374,       0.051643196139
       10.0006286369,      0.0515291882715
       10.0006982333,      0.0514039023724
       10.0007754853,      0.0512663555098
        10.000861235,      0.0511155041873
       10.0009564173,       0.050950244626
       10.0010620695,       0.050769413389
       10.0011793435,       0.050571788083
       10.0013095176,      0.0503560876849
       10.0014540109,      0.0501209717791
       10.0016143985,       0.049865037657
       10.0017924287,      0.0495868137912
       10.0019900422,      0.0492847476603
       10.0022093932,      0.0489571852551
       10.0024528728,      0.0486023388593
       10.0027231351,      0.0482182388841
       10.0030231263,      0.0478026647025
       10.0033561166,      0.0473530486094
       10.0037257358,       0.046866346316
        10.004136013,      0.0463388667826
       10.0045914208,      0.0457660537086
       10.0050969235,      0.0451422104833
       10.0056580314,       0.044460159567
       10.0062808612,        0.04371082558
       10.0069722023,      0.0428827281548
       10.0077395909,      0.0419613651841
       10.0085913923,      0.0409284595707
       10.0095368917,      0.0397610354052
       10.0105863962,      0.0384302914262
       10.0117513461,      0.0369002748631
       10.0130444406,       0.035126487272
       10.0144797754,      0.0330549131701
        10.016072997,      0.0306228334492
        10.017841473,       0.027764622444
       10.0198044814,      0.0244288146606
       10.0219834207,      0.0206155677601
       10.0244020433,      0.0164393647563
       10.0270867145,      0.0121958337534
       10.0300666994,     0.00834804953531
       10.0333744827,     0.00528224994082
       10.0370461221,     0.00301634170883
       10.0411216419,     0.00147827761615
       10.0456454689,    0.000608775553759
       10.0506669168,    0.000212395038223
        10.056240724,    6.37596291486e-05
         10.06242765,     1.6534522682e-05
       10.0692951379,    3.67660728937e-06
       10.0769180494,    7.25092085944e-07
       10.0853794812,    1.38404820355e-07
       10.0947716705,    2.95384532168e-08
       10.1051970006,    9.64218899317e-09
        10.116769117,    5.88535611153e-09
       10.1296141662,    5.10792141963e-09
       10.1438721708,    4.91768981485e-09
        10.159698556,    4.85753740788e-09
       10.1772658435,    4.83105123114e-09
       10.1967655326,    4.81463029934e-09
       10.2184101876,    4.80126988384e-09
       10.2424357545,    4.78840963553e-09
       10.2691041339,    4.77493138776e-09
        10.298706035,     4.7602751847e-09
       10.3315641452,    4.74411306142e-09
       10.3680366475,    4.72620632262e-09
       10.4085211251,    4.70633904963e-09
       10.4534588952,    4.68428861938e-09
         10.50333982,    4.65981303029e-09
       10.5587076465,    4.63264529998e-09
        10.620165934,    4.60248896504e-09
       10.6883846331,    4.56901550948e-09
       10.7641073891,    4.53185995636e-09
       10.8481596482,    4.49061728598e-09
       10.9414576559,    4.44483793562e-09
       11.0450184444,    4.39402274836e-09
       11.1599709196,    4.33761801356e-09
       11.2875681671,    4.27500867069e-09
       11.4292011119,    4.20551243143e-09
       11.5864136805,    4.12837142217e-09
       11.7609196318,    4.04274502037e-09
       11.9546212376,    3.94769966018e-09
       12.1696300201,    3.84219928099e-09
       12.4082897686,     3.7250940309e-09
       12.6732020895,    3.59510694983e-09
       12.9672547657,    3.45082147903e-09
       13.2936532363,    3.29066456236e-09
       13.6559555387,    3.11289029853e-09
       14.0581110943,     2.9155610218e-09
        14.504503761,    2.69652535197e-09
       14.9999996211,    2.45339587694e-09
       15.2317110533,     2.3396998642e-09
       15.4750080571,     2.2203190646e-09
       15.7304699111,    2.09496922961e-09
       15.9987048577,    1.96335196716e-09
       16.2803515518,    1.82515373138e-09
       16.5760805805,    1.68004573075e-09
       16.8865960607,    1.52768227499e-09
       17.2126373148,    1.36770059134e-09
       17.5549806317,    1.19971981432e-09
       17.9144411144,    1.02333997549e-09
       18.2918746213,    8.38141268705e-10
       18.6881798035,    6.43682580659e-10
       19.1043002448,       4.39500848e-10
       19.5412267082,     2.2511023076e-10
       19.9999994948,   -9.18412042522e-17

------------------------------------------------------------
 Efn - quasi Fermi level for electrons
------------------------------------------------------------
Position (um) (#0), Energy (eV) (#0)
                   0,                  0.2
      0.487971470245,       0.199999999885
      0.951544366978,       0.199999999775
       1.39193861887,       0.199999999671
       1.81031315818,       0.199999999571
       2.20776897051,       0.199999999474
       2.58535199223,       0.199999999376
       2.94405586287,        0.19999999927
       3.28482453997,       0.199999999132
       3.60855478322,       0.199999998917
        3.9160985143,        0.19999999852
       4.20826505883,       0.199999997726
       4.48582327613,       0.199999996103
       4.74950358257,        0.19999999282
       4.99999987369,       0.199999986349
       5.25024593471,       0.199999973169
       5.48797969268,        0.19999994789
       5.71382676274,       0.199999901013
       5.92838147931,       0.199999816832
       6.13220846005,       0.199999670248
       6.32584409175,       0.199999422409
       6.50979794186,       0.199999014996
       6.68455409947,       0.199998363003
        6.8505724492,       0.199997345962
       7.00828988145,       0.199995797689
       7.15812144208,        0.19999349478
       7.30046142468,       0.199990144261
       7.43568440815,       0.199985370938
       7.56414624244,       0.199978705153
       7.68618498502,       0.199969571724
       7.80212179047,       0.199957280878
       7.91226175565,       0.199941021953
       8.01689472257,       0.199919860515
       8.11629604115,        0.19989273938
       8.21072729379,       0.199858483773
       8.30043698381,       0.199815810641
       8.38566118932,       0.199763341867
       8.46662418456,       0.199699620888
       8.54353903003,        0.19962313207
       8.61660813323,       0.199532322011
       8.68602378128,       0.199425621926
       8.75196864691,       0.199301470217
       8.81461626927,       0.199158334408
       8.87413151051,       0.198994731724
       8.93067098969,       0.198809247693
       8.98438349491,       0.198600552346
       9.03541037487,       0.198367413683
       9.08388591083,       0.198108708292
       9.12993766999,       0.197823429061
       9.17368684119,       0.197510690106
       9.21524855383,       0.197169729077
       9.25473218085,       0.196799907089
       9.29224162651,       0.196400706574
       9.32787559988,       0.195971727344
       9.36172787459,        0.19551268119
       9.39388753557,       0.195023385317
       9.42443921349,       0.194503754895
       9.45346330752,       0.193953794985
       9.48103619685,       0.193373592077
       9.50723044171,       0.192763305424
       9.53211497433,       0.192123158351
       9.55575528031,       0.191453429657
         9.578213571,        0.19075444524
       9.59954894715,       0.190026570002
        9.6198175545,       0.189270200116
       9.63907273148,       0.188485755666
       9.65736514961,       0.187673673714
       9.67474294683,       0.186834401773
       9.69125185419,       0.185968391699
       9.70693531618,       0.185076093982
       9.72183460508,       0.184157952417
       9.73598892953,       0.183214399123
       9.74943553775,       0.182245849881
       9.76220981557,       0.181252699763
       9.77434537949,       0.180235318987
       9.78587416522,       0.179194048991
       9.79682651166,       0.178129198656
       9.80723124078,       0.177041040635
       9.81711573345,       0.175929807758
       9.82650600148,       0.174795689439
       9.83542675611,       0.173638828046
       9.84390147301,       0.172459315172
       9.85195245406,        0.17125718775
       9.85960088606,       0.170032423947
       9.86686689646,        0.16878493876
       9.87376960634,       0.167514579245
       9.88032718072,       0.166221119308
       9.88655687639,       0.164904253961
       9.89247508728,       0.163563592995
       9.89809738761,       0.162198654006
       9.90343857294,       0.160808854782
       9.90851269899,        0.15939350511
       9.91333311875,       0.157951798222
       9.91791251751,       0.156482802228
       9.92226294634,       0.154985452218
       9.92639585373,       0.153458543975
       9.93032211574,       0.151900730754
       9.93405206466,       0.150310525048
       9.93759551613,       0.148686307853
       9.94096179503,       0.147026348518
       9.94415975998,       0.145328838683
       9.94719782668,       0.143591944005
       9.95008399005,        0.14181387691
       9.95282584525,       0.139992992202
       9.95543060769,       0.138127904441
       9.95790513201,       0.136217620959
       9.96025593011,       0.134261676909
       9.96248918831,       0.132260248808
        9.9646107836,       0.130214212207
       9.96662629912,       0.128125100524
       9.96854103887,       0.125994921872
       9.97036004163,       0.123825806771
       9.97208809425,       0.121619499529
       9.97372974424,       0.119376770355
       9.97528931173,       0.117096899826
       9.97677090085,       0.114777438671
       9.97817841051,        0.11241443039
       9.97951554469,       0.110003176621
       9.98078582215,       0.107539450551
       9.98199258575,       0.105020899939
       9.98313901117,       0.102448312457
       9.98422811531,      0.0998264703983
       9.98526276425,      0.0971644565738
       9.98624568074,      0.0944754157398
        9.9871794514,      0.0917758747686
       9.98806653354,      0.0890847679853
       9.98890926156,      0.0864223155753
       9.98970985319,      0.0838088828013
       9.99047041523,       0.081263920617
       9.99119294917,      0.0788050613169
       9.99187935642,       0.076447418046
        9.9925314433,      0.0742031140495
       9.99315092584,      0.0720810460624
       9.99373943425,      0.0700868667237
       9.99429851724,        0.06822315464
       9.99482964608,      0.0664897293047
       9.99533421848,      0.0648840625754
       9.99581356226,      0.0634017389357
       9.99626893885,       0.062036922373
       9.99670154661,      0.0607827966732
       9.99711252398,      0.0596319563349
       9.99750295249,      0.0585767353845
       9.99787385957,      0.0576094699254
       9.99822622129,      0.0567226966732
       9.99856096493,      0.0559092939097
       9.99887897139,       0.055162573511
       9.99918107752,      0.0544763334025
       9.99946807835,      0.0538448794416
       9.99974072913,      0.0532630247613
       9.99999974738,       0.052725427721
       10.0000001659,      0.0527245804707
       10.0000006305,      0.0527236509152
       10.0000011463,      0.0527226191933
       10.0000017187,      0.0527214740864
       10.0000023541,      0.0527202031462
       10.0000030594,      0.0527187925609
       10.0000038423,      0.0527172270064
       10.0000047113,      0.0527154894811
       10.0000056759,      0.0527135611239
       10.0000067466,       0.052711421012
       10.0000079351,      0.0527090459369
       10.0000092543,      0.0527064101564
       10.0000107186,      0.0527034851212
        10.000012344,       0.052700239171
       10.0000141482,      0.0526966371991
       10.0000161508,      0.0526926402824
       10.0000183738,      0.0526882052712
       10.0000208413,      0.0526832843371
       10.0000235801,      0.0526778244747
       10.0000266203,      0.0526717669502
       10.0000299949,       0.052665046696
       10.0000337407,      0.0526575916422
       10.0000378985,      0.0526493219824
       10.0000425137,      0.0526401493663
       10.0000476366,      0.0526299760133
       10.0000533229,      0.0526186937415
       10.0000596348,      0.0526061829036
        10.000066641,      0.0525923112248
       10.0000744178,      0.0525769325347
       10.0000830502,      0.0525598853864
        10.000092632,      0.0525409915575
       10.0001032679,      0.0525200544247
       10.0001150737,      0.0524968572099
       10.0001281782,      0.0524711610905
       10.0001427241,      0.0524427031742
       10.0001588701,      0.0524111943361
       10.0001767922,      0.0523763169219
       10.0001966857,      0.0523377223218
       10.0002187675,      0.0522950284257
       10.0002432783,      0.0522478169761
       10.0002704852,       0.052195630838
        10.000300685,      0.0521379712164
       10.0003342066,      0.0520742948562
       10.0003714157,      0.0520040112721
       10.0004127178,      0.0519264800611
       10.0004585631,      0.0518410083624
       10.0005094514,      0.0517468485362
       10.0005659374,       0.051643196139
       10.0006286369,      0.0515291882715
       10.0006982333,      0.0514039023724
       10.0007754853,      0.0512663555098
        10.000861235,      0.0511155041873
       10.0009564173,       0.050950244626
       10.0010620695,       0.050769413389
       10.0011793435,       0.050571788083
       10.0013095176,      0.0503560876849
       10.0014540109,      0.0501209717791
       10.0016143985,       0.049865037657
       10.0017924287,      0.0495868137912
       10.0019900422,      0.0492847476603
       10.0022093932,      0.0489571852551
       10.0024528728,      0.0486023388593
       10.0027231351,      0.0482182388841
       10.0030231263,      0.0478026647025
       10.0033561166,      0.0473530486094
       10.0037257358,       0.046866346316
        10.004136013,      0.0463388667826
       10.0045914208,      0.0457660537086
       10.0050969235,      0.0451422104833
       10.0056580314,       0.044460159567
       10.0062808612,        0.04371082558
       10.0069722023,      0.0428827281548
       10.0077395909,      0.0419613651841
       10.0085913923,      0.0409284595707
       10.0095368917,      0.0397610354052
       10.0105863962,      0.0384302914262
       10.0117513461,      0.0369002748631
       10.0130444406,       0.035126487272
       10.0144797754,      0.0330549131701
        10.016072997,      0.0306228334492
        10.017841473,       0.027764622444
       10.0198044814,      0.0244288146606
       10.0219834207,      0.0206155677601
       10.0244020433,      0.0164393647563
       10.0270867145,      0.0121958337534
       10.0300666994,     0.00834804953531
       10.0333744827,     0.00528224994082
       10.0370461221,     0.00301634170883
       10.0411216419,     0.00147827761615
       10.0456454689,    0.000608775553759
       10.0506669168,    0.000212395038223
        10.056240724,    6.37596291486e-05
         10.06242765,     1.6534522682e-05
       10.0692951379,    3.67660728937e-06
       10.0769180494,    7.25092085944e-07
       10.0853794812,    1.38404820355e-07
       10.0947716705,    2.95384532168e-08
       10.1051970006,    9.64218899317e-09
        10.116769117,    5.88535611153e-09
       10.1296141662,    5.10792141963e-09
       10.1438721708,    4.91768981485e-09
        10.159698556,    4.85753740788e-09
       10.1772658435,    4.83105123114e-09
       10.1967655326,    4.81463029934e-09
       10.2184101876,    4.80126988384e-09
       10.2424357545,    4.78840963553e-09
       10.2691041339,    4.77493138776e-09
        10.298706035,     4.7602751847e-09
       10.3315641452,    4.74411306142e-09
       10.3680366475,    4.72620632262e-09
       10.4085211251,    4.70633904963e-09
       10.4534588952,    4.68428861938e-09
         10.50333982,    4.65981303029e-09
       10.5587076465,    4.63264529998e-09
        10.620165934,    4.60248896504e-09
       10.6883846331,    4.56901550948e-09
       10.7641073891,    4.53185995636e-09
       10.8481596482,    4.49061728598e-09
       10.9414576559,    4.44483793562e-09
       11.0450184444,    4.39402274836e-09
       11.1599709196,    4.33761801356e-09
       11.2875681671,    4.27500867069e-09
       11.4292011119,    4.20551243143e-09
       11.5864136805,    4.12837142217e-09
       11.7609196318,    4.04274502037e-09
       11.9546212376,    3.94769966018e-09
       12.1696300201,    3.84219928099e-09
       12.4082897686,     3.7250940309e-09
       12.6732020895,    3.59510694983e-09
       12.9672547657,    3.45082147903e-09
       13.2936532363,    3.29066456236e-09
       13.6559555387,    3.11289029853e-09
       14.0581110943,     2.9155610218e-09
        14.504503761,    2.69652535197e-09
       14.9999996211,    2.45339587694e-09
       15.2317110533,     2.3396998642e-09
       15.4750080571,     2.2203190646e-09
       15.7304699111,    2.09496922961e-09
       15.9987048577,    1.96335196716e-09
       16.2803515518,    1.82515373138e-09
       16.5760805805,    1.68004573075e-09
       16.8865960607,    1.52768227499e-09
       17.2126373148,    1.36770059134e-09
       17.5549806317,    1.19971981432e-09
       17.9144411144,    1.02333997549e-09
       18.2918746213,    8.38141268705e-10
       18.6881798035,    6.43682580659e-10
       19.1043002448,       4.39500848e-10
       19.5412267082,     2.2511023076e-10
       19.9999994948,   -9.18412042522e-17

------------------------------------------------------------
 Efp - quasi Fermi level for holes
------------------------------------------------------------
Position (um) (#0), Energy (eV) (#0)
                   0,                  0.2
      0.487971470245,       0.199999999885
      0.951544366978,       0.199999999775
       1.39193861887,       0.199999999671
       1.81031315818,       0.199999999572
       2.20776897051,       0.199999999478
       2.58535199223,       0.199999999389
       2.94405586287,       0.199999999304
       3.28482453997,       0.199999999224
       3.60855478322,       0.199999999147
        3.9160985143,       0.199999999075
       4.20826505883,       0.199999999006
       4.48582327613,        0.19999999894
       4.74950358257,       0.199999998878
       4.99999987369,       0.199999998819
       5.25024593471,       0.199999998759
       5.48797969268,       0.199999998703
       5.71382676274,        0.19999999865
       5.92838147931,       0.199999998599
       6.13220846005,       0.199999998551
       6.32584409175,       0.199999998505
       6.50979794186,       0.199999998462
       6.68455409947,       0.199999998421
        6.8505724492,       0.199999998381
       7.00828988145,       0.199999998344
       7.15812144208,       0.199999998309
       7.30046142468,       0.199999998275
       7.43568440815,       0.199999998243
       7.56414624244,       0.199999998213
       7.68618498502,       0.199999998184
       7.80212179047,       0.199999998156
       7.91226175565,        0.19999999813
       8.01689472257,       0.199999998106
       8.11629604115,       0.199999998082
       8.21072729379,        0.19999999806
       8.30043698381,       0.199999998039
       8.38566118932,       0.199999998019
       8.46662418456,       0.199999997999
       8.54353903003,       0.199999997981
       8.61660813323,       0.199999997964
       8.68602378128,       0.199999997948
       8.75196864691,       0.199999997932
       8.81461626927,       0.199999997917
       8.87413151051,       0.199999997903
       8.93067098969,        0.19999999789
       8.98438349491,       0.199999997877
       9.03541037487,       0.199999997865
       9.08388591083,       0.199999997854
       9.12993766999,       0.199999997843
       9.17368684119,       0.199999997832
       9.21524855383,       0.199999997823
       9.25473218085,       0.199999997813
       9.29224162651,       0.199999997804
       9.32787559988,       0.199999997796
       9.36172787459,       0.199999997788
       9.39388753557,        0.19999999778
       9.42443921349,       0.199999997773
       9.45346330752,       0.199999997766
       9.48103619685,        0.19999999776
       9.50723044171,       0.199999997754
       9.53211497433,       0.199999997748
       9.55575528031,       0.199999997742
         9.578213571,       0.199999997737
       9.59954894715,       0.199999997732
        9.6198175545,       0.199999997727
       9.63907273148,       0.199999997722
       9.65736514961,       0.199999997718
       9.67474294683,       0.199999997714
       9.69125185419,        0.19999999771
       9.70693531618,       0.199999997706
       9.72183460508,       0.199999997703
       9.73598892953,         0.1999999977
       9.74943553775,       0.199999997696
       9.76220981557,       0.199999997693
       9.77434537949,        0.19999999769
       9.78587416522,       0.199999997688
       9.79682651166,       0.199999997685
       9.80723124078,       0.199999997683
       9.81711573345,        0.19999999768
       9.82650600148,       0.199999997678
       9.83542675611,       0.199999997676
       9.84390147301,       0.199999997674
       9.85195245406,       0.199999997672
       9.85960088606,        0.19999999767
       9.86686689646,       0.199999997669
       9.87376960634,       0.199999997667
       9.88032718072,       0.199999997665
       9.88655687639,       0.199999997664
       9.89247508728,       0.199999997663
       9.89809738761,       0.199999997661
       9.90343857294,        0.19999999766
       9.90851269899,       0.199999997659
       9.91333311875,       0.199999997658
       9.91791251751,       0.199999997657
       9.92226294634,       0.199999997656
       9.92639585373,       0.199999997655
       9.93032211574,       0.199999997654
       9.93405206466,       0.199999997653
       9.93759551613,       0.199999997652
       9.94096179503,       0.199999997651
       9.94415975998,        0.19999999765
       9.94719782668,        0.19999999765
       9.95008399005,       0.199999997649
       9.95282584525,       0.199999997648
       9.95543060769,       0.199999997648
       9.95790513201,       0.199999997647
       9.96025593011,       0.199999997647
       9.96248918831,       0.199999997646
        9.9646107836,       0.199999997645
       9.96662629912,       0.199999997645
       9.96854103887,       0.199999997644
       9.97036004163,       0.199999997644
       9.97208809425,       0.199999997643
       9.97372974424,       0.199999997643
       9.97528931173,       0.199999997643
       9.97677090085,       0.199999997642
       9.97817841051,       0.199999997642
       9.97951554469,       0.199999997641
       9.98078582215,       0.199999997641
       9.98199258575,        0.19999999764
       9.98313901117,        0.19999999764
       9.98422811531,       0.199999997639
       9.98526276425,       0.199999997638
       9.98624568074,       0.199999997638
        9.9871794514,       0.199999997637
       9.98806653354,       0.199999997636
       9.98890926156,       0.199999997636
       9.98970985319,       0.199999997635
       9.99047041523,       0.199999997634
       9.99119294917,       0.199999997633
       9.99187935642,       0.199999997632
        9.9925314433,        0.19999999763
       9.99315092584,       0.199999997629
       9.99373943425,       0.199999997627
       9.99429851724,       0.199999997626
       9.99482964608,       0.199999997624
       9.99533421848,       0.199999997622
       9.99581356226,       0.199999997619
       9.99626893885,       0.199999997617
       9.99670154661,       0.199999997614
       9.99711252398,       0.199999997611
       9.99750295249,       0.199999997608
       9.99787385957,       0.199999997605
       9.99822622129,       0.199999997601
       9.99856096493,       0.199999997597
       9.99887897139,       0.199999997593
       9.99918107752,       0.199999997589
       9.99946807835,       0.199999997584
       9.99974072913,       0.199999997579
       9.99999974738,       0.199999997574
       10.0000208413,       0.199999997574
       10.0000425137,       0.199999997573
        10.000066641,       0.199999997573
        10.000092632,       0.199999997573
       10.0001150737,       0.199999997573
       10.0001427241,       0.199999997572
       10.0001767922,       0.199999997572
       10.0002187675,       0.199999997571
       10.0002432783,       0.199999997571
       10.0002704852,       0.199999997571
        10.000300685,        0.19999999757
       10.0003342066,        0.19999999757
       10.0003714157,       0.199999997569
       10.0004127178,       0.199999997569
       10.0004585631,       0.199999997568
       10.0005094514,       0.199999997567
       10.0005659374,       0.199999997567
       10.0006286369,       0.199999997566
       10.0006982333,       0.199999997565
       10.0007754853,       0.199999997563
        10.000861235,       0.199999997562
       10.0009564173,        0.19999999756
       10.0010620695,       0.199999997559
       10.0011793435,       0.199999997557
       10.0013095176,       0.199999997554
       10.0014540109,       0.199999997551
       10.0016143985,       0.199999997548
       10.0017924287,       0.199999997544
       10.0019900422,       0.199999997539
       10.0022093932,       0.199999997534
       10.0024528728,       0.199999997527
       10.0027231351,       0.199999997518
       10.0030231263,       0.199999997508
       10.0033561166,       0.199999997495
       10.0037257358,       0.199999997478
        10.004136013,       0.199999997457
       10.0045914208,        0.19999999743
       10.0050969235,       0.199999997393
       10.0056580314,       0.199999997344
       10.0062808612,       0.199999997276
       10.0069722023,        0.19999999718
       10.0077395909,       0.199999997041
       10.0085913923,       0.199999996833
       10.0095368917,       0.199999996513
       10.0105863962,       0.199999996004
       10.0117513461,       0.199999995164
       10.0130444406,       0.199999993719
       10.0144797754,       0.199999991119
        10.016072997,       0.199999986209
        10.017841473,        0.19999997643
       10.0198044814,         0.1999999558
       10.0219834207,       0.199999909491
       10.0244020433,       0.199999798348
       10.0270867145,       0.199999511962
       10.0300666994,       0.199998717366
       10.0333744827,       0.199996345181
       10.0370461221,       0.199988787531
       10.0411216419,       0.199963465365
       10.0456454689,       0.199874968364
       10.0506669168,       0.199552747352
        10.056240724,       0.198341406599
         10.06242765,       0.193863480179
       10.0692951379,       0.181856235387
       10.0769180494,       0.168138427789
       10.0853794812,       0.156904567394
       10.0947716705,       0.146132290725
       10.1051970006,       0.135460927629
        10.116769117,       0.125246494505
       10.1296141662,        0.11450013896
       10.1438721708,        0.10128556483
        10.159698556,      0.0853942814179
       10.1772658435,      0.0696534648325
       10.1967655326,      0.0564976208928
       10.2184101876,      0.0462347958041
       10.2424357545,      0.0382392090171
       10.2691041339,      0.0318648184765
        10.298706035,      0.0266492968901
       10.3315641452,      0.0222889883145
       10.3680366475,      0.0185868715017
       10.4085211251,      0.0154131299784
       10.4534588952,       0.012679701391
         10.50333982,      0.0103245765592
       10.5587076465,     0.00830213421678
        10.620165934,     0.00657705094275
       10.6883846331,     0.00512032101905
       10.7641073891,     0.00390656377804
       10.8481596482,     0.00291217678899
       10.9414576559,     0.00211411033408
       11.0450184444,     0.00148915797171
       11.1599709196,     0.00101371475177
       11.2875681671,    0.000663965335849
       11.4292011119,    0.000416438714158
       11.5864136805,    0.000248816943598
       11.7609196318,    0.000140832771718
       11.9546212376,     7.5061822548e-05
       12.1696300201,    3.74325741261e-05
       12.4082897686,    1.73481234314e-05
       12.6732020895,    7.41886877742e-06
       12.9672547657,    2.90621907787e-06
       13.2936532363,    1.03550257459e-06
       13.6559555387,    3.33813254459e-07
       14.0581110943,    9.76006544303e-08
        14.504503761,    2.68365946461e-08
       14.9999996211,     8.4217171077e-09
       15.2317110533,    5.17803391337e-09
       15.4750080571,    3.52296880649e-09
       15.7304699111,    2.67104079541e-09
       15.9987048577,    2.20844013956e-09
       16.2803515518,    1.92530582989e-09
       16.5760805805,    1.71928910997e-09
       16.8865960607,    1.54240221585e-09
       17.2126373148,    1.37297668484e-09
       17.5549806317,    1.20152375926e-09
       17.9144411144,    1.02392739183e-09
       18.2918746213,     8.3832311429e-10
       18.6881798035,    6.43735848557e-10
       19.1043002448,    4.39515542593e-10
       19.5412267082,    2.25113904408e-10
       19.9999994948,   -9.18412042522e-17

------------------------------------------------------------
 Efp - quasi Fermi level for holes
------------------------------------------------------------
Position (um) (#0), Energy (eV) (#0)
                   0,                  0.2
      0.487971470245,       0.199999999885
      0.951544366978,       0.199999999775
       1.39193861887,       0.199999999671
       1.81031315818,       0.199999999572
       2.20776897051,       0.199999999478
       2.58535199223,       0.199999999389
       2.94405586287,       0.199999999304
       3.28482453997,       0.199999999224
       3.60855478322,       0.199999999147
        3.9160985143,       0.199999999075
       4.20826505883,       0.199999999006
       4.48582327613,        0.19999999894
       4.74950358257,       0.199999998878
       4.99999987369,       0.199999998819
       5.25024593471,       0.199999998759
       5.48797969268,       0.199999998703
       5.71382676274,        0.19999999865
       5.92838147931,       0.199999998599
       6.13220846005,       0.199999998551
       6.32584409175,       0.199999998505
       6.50979794186,       0.199999998462
       6.68455409947,       0.199999998421
        6.8505724492,       0.199999998381
       7.00828988145,       0.199999998344
       7.15812144208,       0.199999998309
       7.30046142468,       0.199999998275
       7.43568440815,       0.199999998243
       7.56414624244,       0.199999998213
       7.68618498502,       0.199999998184
       7.80212179047,       0.199999998156
       7.91226175565,        0.19999999813
       8.01689472257,       0.199999998106
       8.11629604115,       0.199999998082
       8.21072729379,        0.19999999806
       8.30043698381,       0.199999998039
       8.38566118932,       0.199999998019
       8.46662418456,       0.199999997999
       8.54353903003,       0.199999997981
       8.61660813323,       0.199999997964
       8.68602378128,       0.199999997948
       8.75196864691,       0.199999997932
       8.81461626927,       0.199999997917
       8.87413151051,       0.199999997903
       8.93067098969,        0.19999999789
       8.98438349491,       0.199999997877
       9.03541037487,       0.199999997865
       9.08388591083,       0.199999997854
       9.12993766999,       0.199999997843
       9.17368684119,       0.199999997832
       9.21524855383,       0.199999997823
       9.25473218085,       0.199999997813
       9.29224162651,       0.199999997804
       9.32787559988,       0.199999997796
       9.36172787459,       0.199999997788
       9.39388753557,        0.19999999778
       9.42443921349,       0.199999997773
       9.45346330752,       0.199999997766
       9.48103619685,        0.19999999776
       9.50723044171,       0.199999997754
       9.53211497433,       0.199999997748
       9.55575528031,       0.199999997742
         9.578213571,       0.199999997737
       9.59954894715,       0.199999997732
        9.6198175545,       0.199999997727
       9.63907273148,       0.199999997722
       9.65736514961,       0.199999997718
       9.67474294683,       0.199999997714
       9.69125185419,        0.19999999771
       9.70693531618,       0.199999997706
       9.72183460508,       0.199999997703
       9.73598892953,         0.1999999977
       9.74943553775,       0.199999997696
       9.76220981557,       0.199999997693
       9.77434537949,        0.19999999769
       9.78587416522,       0.199999997688
       9.79682651166,       0.199999997685
       9.80723124078,       0.199999997683
       9.81711573345,        0.19999999768
       9.82650600148,       0.199999997678
       9.83542675611,       0.199999997676
       9.84390147301,       0.199999997674
       9.85195245406,       0.199999997672
       9.85960088606,        0.19999999767
       9.86686689646,       0.199999997669
       9.87376960634,       0.199999997667
       9.88032718072,       0.199999997665
       9.88655687639,       0.199999997664
       9.89247508728,       0.199999997663
       9.89809738761,       0.199999997661
       9.90343857294,        0.19999999766
       9.90851269899,       0.199999997659
       9.91333311875,       0.199999997658
       9.91791251751,       0.199999997657
       9.92226294634,       0.199999997656
       9.92639585373,       0.199999997655
       9.93032211574,       0.199999997654
       9.93405206466,       0.199999997653
       9.93759551613,       0.199999997652
       9.94096179503,       0.199999997651
       9.94415975998,        0.19999999765
       9.94719782668,        0.19999999765
       9.95008399005,       0.199999997649
       9.95282584525,       0.199999997648
       9.95543060769,       0.199999997648
       9.95790513201,       0.199999997647
       9.96025593011,       0.199999997647
       9.96248918831,       0.199999997646
        9.9646107836,       0.199999997645
       9.96662629912,       0.199999997645
       9.96854103887,       0.199999997644
       9.97036004163,       0.199999997644
       9.97208809425,       0.199999997643
       9.97372974424,       0.199999997643
       9.97528931173,       0.199999997643
       9.97677090085,       0.199999997642
       9.97817841051,       0.199999997642
       9.97951554469,       0.199999997641
       9.98078582215,       0.199999997641
       9.98199258575,        0.19999999764
       9.98313901117,        0.19999999764
       9.98422811531,       0.199999997639
       9.98526276425,       0.199999997638
       9.98624568074,       0.199999997638
        9.9871794514,       0.199999997637
       9.98806653354,       0.199999997636
       9.98890926156,       0.199999997636
       9.98970985319,       0.199999997635
       9.99047041523,       0.199999997634
       9.99119294917,       0.199999997633
       9.99187935642,       0.199999997632
        9.9925314433,        0.19999999763
       9.99315092584,       0.199999997629
       9.99373943425,       0.199999997627
       9.99429851724,       0.199999997626
       9.99482964608,       0.199999997624
       9.99533421848,       0.199999997622
       9.99581356226,       0.199999997619
       9.99626893885,       0.199999997617
       9.99670154661,       0.199999997614
       9.99711252398,       0.199999997611
       9.99750295249,       0.199999997608
       9.99787385957,       0.199999997605
       9.99822622129,       0.199999997601
       9.99856096493,       0.199999997597
       9.99887897139,       0.199999997593
       9.99918107752,       0.199999997589
       9.99946807835,       0.199999997584
       9.99974072913,       0.199999997579
       9.99999974738,       0.199999997574
       10.0000208413,       0.199999997574
       10.0000425137,       0.199999997573
        10.000066641,       0.199999997573
        10.000092632,       0.199999997573
       10.0001150737,       0.199999997573
       10.0001427241,       0.199999997572
       10.0001767922,       0.199999997572
       10.0002187675,       0.199999997571
       10.0002432783,       0.199999997571
       10.0002704852,       0.199999997571
        10.000300685,        0.19999999757
       10.0003342066,        0.19999999757
       10.0003714157,       0.199999997569
       10.0004127178,       0.199999997569
       10.0004585631,       0.199999997568
       10.0005094514,       0.199999997567
       10.0005659374,       0.199999997567
       10.0006286369,       0.199999997566
       10.0006982333,       0.199999997565
       10.0007754853,       0.199999997563
        10.000861235,       0.199999997562
       10.0009564173,        0.19999999756
       10.0010620695,       0.199999997559
       10.0011793435,       0.199999997557
       10.0013095176,       0.199999997554
       10.0014540109,       0.199999997551
       10.0016143985,       0.199999997548
       10.0017924287,       0.199999997544
       10.0019900422,       0.199999997539
       10.0022093932,       0.199999997534
       10.0024528728,       0.199999997527
       10.0027231351,       0.199999997518
       10.0030231263,       0.199999997508
       10.0033561166,       0.199999997495
       10.0037257358,       0.199999997478
        10.004136013,       0.199999997457
       10.0045914208,        0.19999999743
       10.0050969235,       0.199999997393
       10.0056580314,       0.199999997344
       10.0062808612,       0.199999997276
       10.0069722023,        0.19999999718
       10.0077395909,       0.199999997041
       10.0085913923,       0.199999996833
       10.0095368917,       0.199999996513
       10.0105863962,       0.199999996004
       10.0117513461,       0.199999995164
       10.0130444406,       0.199999993719
       10.0144797754,       0.199999991119
        10.016072997,       0.199999986209
        10.017841473,        0.19999997643
       10.0198044814,         0.1999999558
       10.0219834207,       0.199999909491
       10.0244020433,       0.199999798348
       10.0270867145,       0.199999511962
       10.0300666994,       0.199998717366
       10.0333744827,       0.199996345181
       10.0370461221,       0.199988787531
       10.0411216419,       0.199963465365
       10.0456454689,       0.199874968364
       10.0506669168,       0.199552747352
        10.056240724,       0.198341406599
         10.06242765,       0.193863480179
       10.0692951379,       0.181856235387
       10.0769180494,       0.168138427789
       10.0853794812,       0.156904567394
       10.0947716705,       0.146132290725
       10.1051970006,       0.135460927629
        10.116769117,       0.125246494505
       10.1296141662,        0.11450013896
       10.1438721708,        0.10128556483
        10.159698556,      0.0853942814179
       10.1772658435,      0.0696534648325
       10.1967655326,      0.0564976208928
       10.2184101876,      0.0462347958041
       10.2424357545,      0.0382392090171
       10.2691041339,      0.0318648184765
        10.298706035,      0.0266492968901
       10.3315641452,      0.0222889883145
       10.3680366475,      0.0185868715017
       10.4085211251,      0.0154131299784
       10.4534588952,       0.012679701391
         10.50333982,      0.0103245765592
       10.5587076465,     0.00830213421678
        10.620165934,     0.00657705094275
       10.6883846331,     0.00512032101905
       10.7641073891,     0.00390656377804
       10.8481596482,     0.00291217678899
       10.9414576559,     0.00211411033408
       11.0450184444,     0.00148915797171
       11.1599709196,     0.00101371475177
       11.2875681671,    0.000663965335849
       11.4292011119,    0.000416438714158
       11.5864136805,    0.000248816943598
       11.7609196318,    0.000140832771718
       11.9546212376,     7.5061822548e-05
       12.1696300201,    3.74325741261e-05
       12.4082897686,    1.73481234314e-05
       12.6732020895,    7.41886877742e-06
       12.9672547657,    2.90621907787e-06
       13.2936532363,    1.03550257459e-06
       13.6559555387,    3.33813254459e-07
       14.0581110943,    9.76006544303e-08
        14.504503761,    2.68365946461e-08
       14.9999996211,     8.4217171077e-09
       15.2317110533,    5.17803391337e-09
       15.4750080571,    3.52296880649e-09
       15.7304699111,    2.67104079541e-09
       15.9987048577,    2.20844013956e-09
       16.2803515518,    1.92530582989e-09
       16.5760805805,    1.71928910997e-09
       16.8865960607,    1.54240221585e-09
       17.2126373148,    1.37297668484e-09
       17.5549806317,    1.20152375926e-09
       17.9144411144,    1.02392739183e-09
       18.2918746213,     8.3832311429e-10
       18.6881798035,    6.43735848557e-10
       19.1043002448,    4.39515542593e-10
       19.5412267082,    2.25113904408e-10
       19.9999994948,   -9.18412042522e-17

------------------------------------------------------------
 Ei
------------------------------------------------------------
Position (um), Energy (eV)
                   0,       0.649150895035
      0.487971470245,        0.64915089492
      0.951544366978,        0.64915089481
       1.39193861887,       0.649150894706
       1.81031315818,       0.649150894607
       2.20776897051,       0.649150894513
       2.58535199223,       0.649150894424
       2.94405586287,       0.649150894339
       3.28482453997,       0.649150894259
       3.60855478322,       0.649150894182
        3.9160985143,        0.64915089411
       4.20826505883,       0.649150894041
       4.48582327613,       0.649150893975
       4.74950358257,       0.649150893913
       4.99999987369,       0.649150893854
       5.25024593471,       0.649150893794
       5.48797969268,       0.649150893738
       5.71382676274,       0.649150893685
       5.92838147931,       0.649150893634
       6.13220846005,       0.649150893586
       6.32584409175,        0.64915089354
       6.50979794186,       0.649150893497
       6.68455409947,       0.649150893456
        6.8505724492,       0.649150893416
       7.00828988145,       0.649150893379
       7.15812144208,       0.649150893344
       7.30046142468,        0.64915089331
       7.43568440815,       0.649150893278
       7.56414624244,       0.649150893248
       7.68618498502,       0.649150893219
       7.80212179047,       0.649150893191
       7.91226175565,       0.649150893165
       8.01689472257,       0.649150893141
       8.11629604115,       0.649150893117
       8.21072729379,       0.649150893095
       8.30043698381,       0.649150893074
       8.38566118932,       0.649150893054
       8.46662418456,       0.649150893034
       8.54353903003,       0.649150893016
       8.61660813323,       0.649150892999
       8.68602378128,       0.649150892983
       8.75196864691,       0.649150892967
       8.81461626927,       0.649150892952
       8.87413151051,       0.649150892938
       8.93067098969,       0.649150892925
       8.98438349491,       0.649150892912
       9.03541037487,         0.6491508929
       9.08388591083,       0.649150892889
       9.12993766999,       0.649150892878
       9.17368684119,       0.649150892867
       9.21524855383,       0.649150892858
       9.25473218085,       0.649150892848
       9.29224162651,       0.649150892839
       9.32787559988,       0.649150892831
       9.36172787459,       0.649150892823
       9.39388753557,       0.649150892815
       9.42443921349,       0.649150892808
       9.45346330752,       0.649150892801
       9.48103619685,       0.649150892795
       9.50723044171,       0.649150892789
       9.53211497433,       0.649150892783
       9.55575528031,       0.649150892777
         9.578213571,       0.649150892772
       9.59954894715,       0.649150892767
        9.6198175545,       0.649150892762
       9.63907273148,       0.649150892757
       9.65736514961,       0.649150892753
       9.67474294683,       0.649150892749
       9.69125185419,       0.649150892745
       9.70693531618,       0.649150892741
       9.72183460508,       0.649150892738
       9.73598892953,       0.649150892735
       9.74943553775,       0.649150892731
       9.76220981557,       0.649150892728
       9.77434537949,       0.649150892725
       9.78587416522,       0.649150892723
       9.79682651166,        0.64915089272
       9.80723124078,       0.649150892717
       9.81711573345,       0.649150892714
       9.82650600148,       0.649150892708
       9.83542675611,       0.649150892693
       9.84390147301,       0.649150892652
       9.85195245406,       0.649150892534
       9.85960088606,       0.649150892205
       9.86686689646,        0.64915089133
       9.87376960634,       0.649150889104
       9.88032718072,       0.649150883694
       9.88655687639,       0.649150871106
       9.89247508728,       0.649150843034
       9.89809738761,       0.649150782917
       9.90343857294,       0.649150659077
       9.90851269899,       0.649150413274
       9.91333311875,       0.649149942407
       9.91791251751,       0.649149070488
       9.92226294634,       0.649147507384
       9.92639585373,       0.649144790483
       9.93032211574,       0.649140205385
       9.93405206466,       0.649132682187
       9.93759551613,       0.649120665085
       9.94096179503,        0.64910195489
       9.94415975998,       0.649073526675
       9.94719782668,       0.649031328123
       9.95008399005,       0.648970067929
       9.95282584525,       0.648883007739
       9.95543060769,       0.648761774998
       9.95790513201,       0.648596217576
       9.96025593011,       0.648374323357
       9.96248918831,       0.648082228825
        9.9646107836,       0.647704339164
       9.96662629912,       0.647223578232
       9.96854103887,       0.646621779207
       9.97036004163,       0.645880215866
       9.97208809425,       0.644980260593
       9.97372974424,       0.643904139571
       9.97528931173,       0.642635740059
       9.97677090085,        0.64116141198
       9.97817841051,       0.639470698922
       9.97951554469,       0.637556934535
       9.98078582215,       0.635417650162
       9.98199258575,       0.633054757613
       9.98313901117,       0.630474494557
       9.98422811531,        0.62768714502
       9.98526276425,        0.62470656962
       9.98624568074,         0.6215495959
        9.9871794514,       0.618235326582
       9.98806653354,       0.614784422758
       9.98890926156,       0.611218411598
       9.98970985319,       0.607559056607
       9.99047041523,        0.60382781529
       9.99119294917,         0.6000453967
       9.99187935642,       0.596231420891
        9.9925314433,       0.592404174666
       9.99315092584,       0.588580453085
       9.99373943425,       0.584775473697
       9.99429851724,       0.581002849746
       9.99482964608,        0.57727460924
       9.99533421848,       0.573601248069
       9.99581356226,       0.569991807108
       9.99626893885,       0.566453965005
       9.99670154661,       0.562994140081
       9.99711252398,       0.559617596269
       9.99750295249,       0.556328549315
       9.99787385957,       0.553130270537
       9.99822622129,       0.550025186244
       9.99856096493,       0.547014971624
       9.99887897139,        0.54410063836
       9.99918107752,       0.541282615653
       9.99946807835,       0.538560824544
       9.99974072913,       0.535934745676
       9.99999974738,       0.533403480713
       10.0000001659,       0.533399364397
       10.0000006305,       0.533394795298
       10.0000011463,       0.533389723614
       10.0000017187,       0.533384094063
       10.0000023541,       0.533377845285
       10.0000030594,       0.533370909169
       10.0000038423,       0.533363210116
       10.0000047113,       0.533354664209
       10.0000056759,       0.533345178305
       10.0000067466,       0.533334649017
       10.0000079351,       0.533322961588
       10.0000092543,        0.53330998864
       10.0000107186,        0.53329558879
        10.000012344,       0.533279605106
       10.0000141482,       0.533261863402
       10.0000161508,       0.533242170338
       10.0000183738,       0.533220311318
       10.0000208413,       0.533196048151
       10.0000235801,       0.533169116461
       10.0000266203,        0.53313922281
       10.0000299949,       0.533106041504
       10.0000337407,        0.53306921105
       10.0000378985,       0.533028330226
       10.0000425137,       0.532982953721
       10.0000476366,       0.532932587288
       10.0000533229,        0.53287668238
       10.0000596348,       0.532814630191
        10.000066641,       0.532745755044
       10.0000744178,       0.532669307056
       10.0000830502,       0.532584454011
        10.000092632,        0.53249027233
       10.0001032679,       0.532385737066
       10.0001150737,        0.53226971081
       10.0001281782,       0.532140931377
       10.0001427241,       0.531997998167
       10.0001588701,       0.531839357033
       10.0001767922,       0.531663283509
       10.0001966857,       0.531467864229
       10.0002187675,       0.531250976321
       10.0002432783,       0.531010264592
       10.0002704852,       0.530743116241
        10.000300685,        0.53044663286
       10.0003342066,       0.530117599434
       10.0003714157,       0.529752450018
       10.0004127178,       0.529347229764
       10.0004585631,       0.528897552902
       10.0005094514,       0.528398556284
       10.0005659374,       0.527844848024
       10.0006286369,       0.527230450756
       10.0006982333,       0.526548738961
       10.0007754853,        0.52579236981
        10.000861235,       0.524953206862
       10.0009564173,       0.524022235969
       10.0010620695,       0.522989472653
       10.0011793435,       0.521843860173
       10.0013095176,       0.520573157464
       10.0014540109,        0.51916381608
       10.0016143985,       0.517600845225
       10.0017924287,        0.51586766394
       10.0019900422,       0.513945939481
       10.0022093932,       0.511815410943
       10.0024528728,       0.509453697193
       10.0027231351,       0.506836088259
       10.0030231263,       0.503935319424
       10.0033561166,       0.500721327454
       10.0037257358,       0.497160988637
        10.004136013,       0.493217838691
       10.0045914208,       0.488851775093
       10.0050969235,       0.484018743015
       10.0056580314,       0.478670406984
       10.0062808612,       0.472753811464
       10.0069722023,       0.466211035047
       10.0077395909,       0.458978844784
       10.0085913923,       0.450988359547
       10.0095368917,       0.442164734265
       10.0105863962,        0.43242688066
       10.0117513461,       0.421687244814
       10.0130444406,       0.409851667884
       10.0144797754,       0.396819363822
        10.016072997,       0.382483057454
        10.017841473,       0.366729338191
       10.0198044814,        0.34943929962
       10.0219834207,       0.330489553849
       10.0244020433,       0.309753732722
       10.0270867145,       0.287104616833
       10.0300666994,       0.262417069039
       10.0333744827,       0.235571993525
       10.0370461221,       0.206461596425
       10.0411216419,       0.174996292202
       10.0456454689,        0.14111368441
       10.0506669168,       0.104790154076
        10.056240724,      0.0660557184187
         10.06242765,      0.0250129827341
       10.0692951379,       -0.01813879375
       10.0769180494,     -0.0630732531885
       10.0853794812,      -0.109298553243
       10.0947716705,      -0.156109141951
       10.1051970006,      -0.202525622023
        10.116769117,      -0.247222143456
       10.1296141662,      -0.288453295956
       10.1438721708,      -0.324057456539
        10.159698556,      -0.351813081856
       10.1772658435,      -0.370525965051
       10.1967655326,      -0.381166160765
       10.2184101876,      -0.386306689792
       10.2424357545,       -0.38846400514
       10.2691041339,      -0.389263067567
        10.298706035,      -0.389525595756
       10.3315641452,      -0.389601907844
       10.3680366475,      -0.389621411257
       10.4085211251,       -0.38962576031
       10.4534588952,      -0.389626599759
         10.50333982,      -0.389626738945
       10.5587076465,      -0.389626758643
        10.620165934,      -0.389626761028
       10.6883846331,      -0.389626761299
       10.7641073891,      -0.389626761356
       10.8481596482,      -0.389626761399
       10.9414576559,      -0.389626761445
       11.0450184444,      -0.389626761496
       11.1599709196,      -0.389626761552
       11.2875681671,      -0.389626761615
       11.4292011119,      -0.389626761684
       11.5864136805,      -0.389626761761
       11.7609196318,      -0.389626761847
       11.9546212376,      -0.389626761942
       12.1696300201,      -0.389626762047
       12.4082897686,      -0.389626762164
       12.6732020895,      -0.389626762294
       12.9672547657,      -0.389626762439
       13.2936532363,      -0.389626762599
       13.6559555387,      -0.389626762777
       14.0581110943,      -0.389626762974
        14.504503761,      -0.389626763193
       14.9999996211,      -0.389626763436
       15.2317110533,       -0.38962676355
       15.4750080571,      -0.389626763669
       15.7304699111,      -0.389626763795
       15.9987048577,      -0.389626763926
       16.2803515518,      -0.389626764064
       16.5760805805,      -0.389626764209
       16.8865960607,      -0.389626764362
       17.2126373148,      -0.389626764522
       17.5549806317,       -0.38962676469
       17.9144411144,      -0.389626764866
       18.2918746213,      -0.389626765051
       18.6881798035,      -0.389626765246
       19.1043002448,       -0.38962676545
       19.5412267082,      -0.389626765664
       19.9999994948,       -0.38962676589

------------------------------------------------------------
 Ec
------------------------------------------------------------
Position (um), Energy (eV)
                   0,        1.21503348437
      0.487971470245,        1.21503348426
      0.951544366978,        1.21503348415
       1.39193861887,        1.21503348404
       1.81031315818,        1.21503348394
       2.20776897051,        1.21503348385
       2.58535199223,        1.21503348376
       2.94405586287,        1.21503348368
       3.28482453997,         1.2150334836
       3.60855478322,        1.21503348352
        3.9160985143,        1.21503348345
       4.20826505883,        1.21503348338
       4.48582327613,        1.21503348331
       4.74950358257,        1.21503348325
       4.99999987369,        1.21503348319
       5.25024593471,        1.21503348313
       5.48797969268,        1.21503348308
       5.71382676274,        1.21503348302
       5.92838147931,        1.21503348297
       6.13220846005,        1.21503348292
       6.32584409175,        1.21503348288
       6.50979794186,        1.21503348283
       6.68455409947,        1.21503348279
        6.8505724492,        1.21503348275
       7.00828988145,        1.21503348272
       7.15812144208,        1.21503348268
       7.30046142468,        1.21503348265
       7.43568440815,        1.21503348262
       7.56414624244,        1.21503348259
       7.68618498502,        1.21503348256
       7.80212179047,        1.21503348253
       7.91226175565,         1.2150334825
       8.01689472257,        1.21503348248
       8.11629604115,        1.21503348245
       8.21072729379,        1.21503348243
       8.30043698381,        1.21503348241
       8.38566118932,        1.21503348239
       8.46662418456,        1.21503348237
       8.54353903003,        1.21503348235
       8.61660813323,        1.21503348234
       8.68602378128,        1.21503348232
       8.75196864691,         1.2150334823
       8.81461626927,        1.21503348229
       8.87413151051,        1.21503348228
       8.93067098969,        1.21503348226
       8.98438349491,        1.21503348225
       9.03541037487,        1.21503348224
       9.08388591083,        1.21503348223
       9.12993766999,        1.21503348222
       9.17368684119,         1.2150334822
       9.21524855383,         1.2150334822
       9.25473218085,        1.21503348219
       9.29224162651,        1.21503348218
       9.32787559988,        1.21503348217
       9.36172787459,        1.21503348216
       9.39388753557,        1.21503348215
       9.42443921349,        1.21503348215
       9.45346330752,        1.21503348214
       9.48103619685,        1.21503348213
       9.50723044171,        1.21503348213
       9.53211497433,        1.21503348212
       9.55575528031,        1.21503348211
         9.578213571,        1.21503348211
       9.59954894715,         1.2150334821
        9.6198175545,         1.2150334821
       9.63907273148,        1.21503348209
       9.65736514961,        1.21503348209
       9.67474294683,        1.21503348209
       9.69125185419,        1.21503348208
       9.70693531618,        1.21503348208
       9.72183460508,        1.21503348208
       9.73598892953,        1.21503348207
       9.74943553775,        1.21503348207
       9.76220981557,        1.21503348207
       9.77434537949,        1.21503348206
       9.78587416522,        1.21503348206
       9.79682651166,        1.21503348206
       9.80723124078,        1.21503348205
       9.81711573345,        1.21503348205
       9.82650600148,        1.21503348205
       9.83542675611,        1.21503348203
       9.84390147301,        1.21503348199
       9.85195245406,        1.21503348187
       9.85960088606,        1.21503348154
       9.86686689646,        1.21503348067
       9.87376960634,        1.21503347844
       9.88032718072,        1.21503347303
       9.88655687639,        1.21503346044
       9.89247508728,        1.21503343237
       9.89809738761,        1.21503337225
       9.90343857294,        1.21503324841
       9.90851269899,        1.21503300261
       9.91333311875,        1.21503253174
       9.91791251751,        1.21503165983
       9.92226294634,        1.21503009672
       9.92639585373,        1.21502737982
       9.93032211574,        1.21502279472
       9.93405206466,        1.21501527152
       9.93759551613,        1.21500325442
       9.94096179503,        1.21498454423
       9.94415975998,        1.21495611601
       9.94719782668,        1.21491391746
       9.95008399005,        1.21485265727
       9.95282584525,        1.21476559708
       9.95543060769,        1.21464436434
       9.95790513201,        1.21447880691
       9.96025593011,        1.21425691269
       9.96248918831,        1.21396481816
        9.9646107836,         1.2135869285
       9.96662629912,        1.21310616757
       9.96854103887,        1.21250436854
       9.97036004163,         1.2117628052
       9.97208809425,        1.21086284993
       9.97372974424,        1.20978672891
       9.97528931173,         1.2085183294
       9.97677090085,        1.20704400132
       9.97817841051,        1.20535328826
       9.97951554469,        1.20343952387
       9.98078582215,         1.2013002395
       9.98199258575,        1.19893734695
       9.98313901117,        1.19635708389
       9.98422811531,        1.19356973436
       9.98526276425,        1.19058915896
       9.98624568074,        1.18743218524
        9.9871794514,        1.18411791592
       9.98806653354,        1.18066701209
       9.98890926156,        1.17710100094
       9.98970985319,        1.17344164594
       9.99047041523,        1.16971040463
       9.99119294917,        1.16592798604
       9.99187935642,        1.16211401023
        9.9925314433,          1.158286764
       9.99315092584,        1.15446304242
       9.99373943425,        1.15065806303
       9.99429851724,        1.14688543908
       9.99482964608,        1.14315719858
       9.99533421848,        1.13948383741
       9.99581356226,        1.13587439645
       9.99626893885,        1.13233655434
       9.99670154661,        1.12887672942
       9.99711252398,        1.12550018561
       9.99750295249,        1.12221113865
       9.99787385957,        1.11901285987
       9.99822622129,        1.11590777558
       9.99856096493,        1.11289756096
       9.99887897139,         1.1099832277
       9.99918107752,        1.10716520499
       9.99946807835,        1.10444341388
       9.99974072913,        1.10181733501
       9.99999974738,        1.09928607005
       10.0000001659,        1.09928195373
       10.0000006305,        1.09927738464
       10.0000011463,        1.09927231295
       10.0000017187,         1.0992666834
       10.0000023541,        1.09926043462
       10.0000030594,        1.09925349851
       10.0000038423,        1.09924579945
       10.0000047113,        1.09923725355
       10.0000056759,        1.09922776764
       10.0000067466,        1.09921723835
       10.0000079351,        1.09920555093
       10.0000092543,        1.09919257798
       10.0000107186,        1.09917817813
        10.000012344,        1.09916219444
       10.0000141482,        1.09914445274
       10.0000161508,        1.09912475968
       10.0000183738,        1.09910290066
       10.0000208413,        1.09907863749
       10.0000235801,         1.0990517058
       10.0000266203,        1.09902181215
       10.0000299949,        1.09898863084
       10.0000337407,        1.09895180039
       10.0000378985,        1.09891091956
       10.0000425137,        1.09886554306
       10.0000476366,        1.09881517663
       10.0000533229,        1.09875927172
       10.0000596348,        1.09869721953
        10.000066641,        1.09862834438
       10.0000744178,        1.09855189639
       10.0000830502,        1.09846704335
        10.000092632,        1.09837286167
       10.0001032679,         1.0982683264
       10.0001150737,        1.09815230015
       10.0001281782,        1.09802352071
       10.0001427241,         1.0978805875
       10.0001588701,        1.09772194637
       10.0001767922,        1.09754587285
       10.0001966857,        1.09735045357
       10.0002187675,        1.09713356566
       10.0002432783,        1.09689285393
       10.0002704852,        1.09662570558
        10.000300685,         1.0963292222
       10.0003342066,        1.09600018877
       10.0003714157,        1.09563503936
       10.0004127178,         1.0952298191
       10.0004585631,        1.09478014224
       10.0005094514,        1.09428114562
       10.0005659374,        1.09372743736
       10.0006286369,        1.09311304009
       10.0006982333,         1.0924313283
       10.0007754853,        1.09167495915
        10.000861235,         1.0908357962
       10.0009564173,        1.08990482531
       10.0010620695,        1.08887206199
       10.0011793435,        1.08772644951
       10.0013095176,         1.0864557468
       10.0014540109,        1.08504640542
       10.0016143985,        1.08348343456
       10.0017924287,        1.08175025328
       10.0019900422,        1.07982852882
       10.0022093932,        1.07769800028
       10.0024528728,        1.07533628653
       10.0027231351,         1.0727186776
       10.0030231263,        1.06981790876
       10.0033561166,        1.06660391679
       10.0037257358,        1.06304357797
        10.004136013,        1.05910042803
       10.0045914208,        1.05473436443
       10.0050969235,        1.04990133235
       10.0056580314,        1.04455299632
       10.0062808612,         1.0386364008
       10.0069722023,        1.03209362438
       10.0077395909,        1.02486143412
       10.0085913923,        1.01687094888
       10.0095368917,         1.0080473236
       10.0105863962,       0.998309469998
       10.0117513461,       0.987569834152
       10.0130444406,       0.975734257221
       10.0144797754,       0.962701953159
        10.016072997,       0.948365646791
        10.017841473,       0.932611927528
       10.0198044814,       0.915321888957
       10.0219834207,       0.896372143187
       10.0244020433,        0.87563632206
       10.0270867145,        0.85298720617
       10.0300666994,       0.828299658377
       10.0333744827,       0.801454582862
       10.0370461221,       0.772344185762
       10.0411216419,        0.74087888154
       10.0456454689,       0.706996273747
       10.0506669168,       0.670672743414
        10.056240724,       0.631938307756
         10.06242765,       0.590895572072
       10.0692951379,       0.547743795587
       10.0769180494,       0.502809336149
       10.0853794812,       0.456584036094
       10.0947716705,       0.409773447387
       10.1051970006,       0.363356967315
        10.116769117,       0.318660445882
       10.1296141662,       0.277429293381
       10.1438721708,       0.241825132798
        10.159698556,       0.214069507482
       10.1772658435,       0.195356624286
       10.1967655326,       0.184716428573
       10.2184101876,       0.179575899545
       10.2424357545,       0.177418584197
       10.2691041339,        0.17661952177
        10.298706035,       0.176356993582
       10.3315641452,       0.176280681493
       10.3680366475,        0.17626117808
       10.4085211251,       0.176256829028
       10.4534588952,       0.176255989578
         10.50333982,       0.176255850392
       10.5587076465,       0.176255830694
        10.620165934,       0.176255828309
       10.6883846331,       0.176255828038
       10.7641073891,       0.176255827981
       10.8481596482,       0.176255827939
       10.9414576559,       0.176255827893
       11.0450184444,       0.176255827842
       11.1599709196,       0.176255827786
       11.2875681671,       0.176255827723
       11.4292011119,       0.176255827653
       11.5864136805,       0.176255827576
       11.7609196318,       0.176255827491
       11.9546212376,       0.176255827396
       12.1696300201,        0.17625582729
       12.4082897686,       0.176255827173
       12.6732020895,       0.176255827043
       12.9672547657,       0.176255826899
       13.2936532363,       0.176255826739
       13.6559555387,       0.176255826561
       14.0581110943,       0.176255826363
        14.504503761,       0.176255826144
       14.9999996211,       0.176255825901
       15.2317110533,       0.176255825788
       15.4750080571,       0.176255825668
       15.7304699111,       0.176255825543
       15.9987048577,       0.176255825411
       16.2803515518,       0.176255825273
       16.5760805805,       0.176255825128
       16.8865960607,       0.176255824976
       17.2126373148,       0.176255824816
       17.5549806317,       0.176255824648
       17.9144411144,       0.176255824471
       18.2918746213,       0.176255824286
       18.6881798035,       0.176255824092
       19.1043002448,       0.176255823887
       19.5412267082,       0.176255823673
       19.9999994948,       0.176255823448

------------------------------------------------------------
 Ev
------------------------------------------------------------
Position (um), Energy (eV)
                   0,      0.0950334843724
      0.487971470245,      0.0950334842571
      0.951544366978,      0.0950334841476
       1.39193861887,      0.0950334840435
       1.81031315818,      0.0950334839447
       2.20776897051,      0.0950334838508
       2.58535199223,      0.0950334837616
       2.94405586287,      0.0950334836768
       3.28482453997,      0.0950334835963
       3.60855478322,      0.0950334835198
        3.9160985143,      0.0950334834471
       4.20826505883,      0.0950334833781
       4.48582327613,      0.0950334833125
       4.74950358257,      0.0950334832502
       4.99999987369,       0.095033483191
       5.25024593471,      0.0950334831319
       5.48797969268,      0.0950334830757
       5.71382676274,      0.0950334830224
       5.92838147931,      0.0950334829717
       6.13220846005,      0.0950334829235
       6.32584409175,      0.0950334828777
       6.50979794186,      0.0950334828343
       6.68455409947,       0.095033482793
        6.8505724492,      0.0950334827538
       7.00828988145,      0.0950334827165
       7.15812144208,      0.0950334826811
       7.30046142468,      0.0950334826475
       7.43568440815,      0.0950334826155
       7.56414624244,      0.0950334825852
       7.68618498502,      0.0950334825563
       7.80212179047,      0.0950334825289
       7.91226175565,      0.0950334825029
       8.01689472257,      0.0950334824782
       8.11629604115,      0.0950334824547
       8.21072729379,      0.0950334824324
       8.30043698381,      0.0950334824112
       8.38566118932,       0.095033482391
       8.46662418456,      0.0950334823719
       8.54353903003,      0.0950334823537
       8.61660813323,      0.0950334823365
       8.68602378128,      0.0950334823201
       8.75196864691,      0.0950334823045
       8.81461626927,      0.0950334822897
       8.87413151051,      0.0950334822756
       8.93067098969,      0.0950334822623
       8.98438349491,      0.0950334822496
       9.03541037487,      0.0950334822375
       9.08388591083,      0.0950334822261
       9.12993766999,      0.0950334822152
       9.17368684119,      0.0950334822048
       9.21524855383,       0.095033482195
       9.25473218085,      0.0950334821857
       9.29224162651,      0.0950334821768
       9.32787559988,      0.0950334821684
       9.36172787459,      0.0950334821604
       9.39388753557,      0.0950334821528
       9.42443921349,      0.0950334821456
       9.45346330752,      0.0950334821387
       9.48103619685,      0.0950334821322
       9.50723044171,       0.095033482126
       9.53211497433,      0.0950334821202
       9.55575528031,      0.0950334821146
         9.578213571,      0.0950334821093
       9.59954894715,      0.0950334821042
        9.6198175545,      0.0950334820994
       9.63907273148,      0.0950334820949
       9.65736514961,      0.0950334820906
       9.67474294683,      0.0950334820865
       9.69125185419,      0.0950334820826
       9.70693531618,      0.0950334820788
       9.72183460508,      0.0950334820753
       9.73598892953,       0.095033482072
       9.74943553775,      0.0950334820688
       9.76220981557,      0.0950334820658
       9.77434537949,      0.0950334820629
       9.78587416522,      0.0950334820602
       9.79682651166,      0.0950334820575
       9.80723124078,      0.0950334820548
       9.81711573345,      0.0950334820513
       9.82650600148,      0.0950334820453
       9.83542675611,      0.0950334820306
       9.84390147301,      0.0950334819893
       9.85195245406,      0.0950334818711
       9.85960088606,      0.0950334815425
       9.86686689646,      0.0950334806675
       9.87376960634,      0.0950334784418
       9.88032718072,      0.0950334730312
       9.88655687639,      0.0950334604436
       9.89247508728,      0.0950334323714
       9.89809738761,      0.0950333722541
       9.90343857294,      0.0950332484146
       9.90851269899,      0.0950330026111
       9.91333311875,      0.0950325317447
       9.91791251751,      0.0950316598259
       9.92226294634,      0.0950300967214
       9.92639585373,      0.0950273798207
       9.93032211574,      0.0950227947227
       9.93405206466,      0.0950152715241
       9.93759551613,      0.0950032544222
       9.94096179503,      0.0949845442271
       9.94415975998,      0.0949561160129
       9.94719782668,      0.0949139174601
       9.95008399005,      0.0948526572665
       9.95282584525,      0.0947655970761
       9.95543060769,      0.0946443643357
       9.95790513201,      0.0944788069131
       9.96025593011,      0.0942569126949
       9.96248918831,      0.0939648181621
        9.9646107836,       0.093586928501
       9.96662629912,      0.0931061675694
       9.96854103887,      0.0925043685449
       9.97036004163,       0.091762805203
       9.97208809425,      0.0908628499305
       9.97372974424,      0.0897867289087
       9.97528931173,      0.0885183293966
       9.97677090085,      0.0870440013171
       9.97817841051,       0.085353288259
       9.97951554469,      0.0834395238722
       9.98078582215,      0.0813002394992
       9.98199258575,      0.0789373469503
       9.98313901117,      0.0763570838945
       9.98422811531,      0.0735697343576
       9.98526276425,       0.070589158957
       9.98624568074,       0.067432185237
        9.9871794514,      0.0641179159197
       9.98806653354,       0.060667012095
       9.98890926156,      0.0571010009356
       9.98970985319,       0.053441645944
       9.99047041523,       0.049710404627
       9.99119294917,      0.0459279860375
       9.99187935642,      0.0421140102289
        9.9925314433,      0.0382867640032
       9.99315092584,      0.0344630424225
       9.99373943425,       0.030658063034
       9.99429851724,      0.0268854390832
       9.99482964608,      0.0231571985772
       9.99533421848,      0.0194838374066
       9.99581356226,      0.0158743964456
       9.99626893885,      0.0123365543429
       9.99670154661,      0.0088767294189
       9.99711252398,     0.00550018560595
       9.99750295249,     0.00221113865236
       9.99787385957,   -0.000987140125621
       9.99822622129,    -0.00409222441812
       9.99856096493,     -0.0071024390387
       9.99887897139,     -0.0100167723021
       9.99918107752,     -0.0128347950093
       9.99946807835,     -0.0155565861181
       9.99974072913,     -0.0181826649865
       9.99999974738,       -0.02071392995
       10.0000001659,     -0.0207180462659
       10.0000006305,     -0.0207226153643
       10.0000011463,     -0.0207276870484
       10.0000017187,     -0.0207333165991
       10.0000023541,     -0.0207395653775
       10.0000030594,     -0.0207465014933
       10.0000038423,     -0.0207542005469
       10.0000047113,     -0.0207627464536
       10.0000056759,     -0.0207722323572
       10.0000067466,     -0.0207827616451
       10.0000079351,     -0.0207944490744
       10.0000092543,     -0.0208074220221
       10.0000107186,     -0.0208218218724
        10.000012344,     -0.0208378055561
       10.0000141482,     -0.0208555472602
       10.0000161508,     -0.0208752403241
       10.0000183738,     -0.0208970993446
       10.0000208413,     -0.0209213625116
       10.0000235801,     -0.0209482942013
       10.0000266203,     -0.0209781878523
       10.0000299949,     -0.0210113691588
       10.0000337407,     -0.0210481996128
       10.0000378985,     -0.0210890804361
       10.0000425137,     -0.0211344569419
       10.0000476366,      -0.021184823375
       10.0000533229,     -0.0212407282823
       10.0000596348,     -0.0213027804711
        10.000066641,     -0.0213716556188
       10.0000744178,     -0.0214481036061
       10.0000830502,     -0.0215329566512
        10.000092632,     -0.0216271383327
       10.0001032679,     -0.0217316735962
       10.0001150737,     -0.0218476998526
       10.0001281782,     -0.0219764792854
       10.0001427241,     -0.0221194124953
       10.0001588701,     -0.0222780536301
       10.0001767922,     -0.0224541271536
       10.0001966857,     -0.0226495464339
       10.0002187675,     -0.0228664343413
       10.0002432783,     -0.0231071460703
       10.0002704852,     -0.0233742944217
        10.000300685,     -0.0236707778026
       10.0003342066,     -0.0239998112289
       10.0003714157,     -0.0243649606444
       10.0004127178,     -0.0247701808988
       10.0004585631,     -0.0252198577607
       10.0005094514,     -0.0257188543787
       10.0005659374,     -0.0262725626382
       10.0006286369,     -0.0268869599069
       10.0006982333,     -0.0275686717011
       10.0007754853,     -0.0283250408523
        10.000861235,      -0.029164203801
       10.0009564173,     -0.0300951746939
       10.0010620695,     -0.0311279380096
       10.0011793435,     -0.0322735504898
       10.0013095176,     -0.0335442531988
       10.0014540109,     -0.0349535945831
       10.0016143985,      -0.036516565438
       10.0017924287,      -0.038249746723
       10.0019900422,     -0.0401714711814
       10.0022093932,     -0.0423019997193
       10.0024528728,     -0.0446637134697
       10.0027231351,     -0.0472813224039
       10.0030231263,     -0.0501820912383
       10.0033561166,     -0.0533960832082
       10.0037257358,     -0.0569564220261
        10.004136013,     -0.0608995719714
       10.0045914208,     -0.0652656355697
       10.0050969235,     -0.0700986676477
       10.0056580314,     -0.0754470036786
       10.0062808612,     -0.0813635991987
       10.0069722023,      -0.087906375616
       10.0077395909,     -0.0951385658783
       10.0085913923,      -0.103129051115
       10.0095368917,      -0.111952676397
       10.0105863962,      -0.121690530002
       10.0117513461,      -0.132430165848
       10.0130444406,      -0.144265742779
       10.0144797754,      -0.157298046841
        10.016072997,      -0.171634353209
        10.017841473,      -0.187388072472
       10.0198044814,      -0.204678111043
       10.0219834207,      -0.223627856813
       10.0244020433,       -0.24436367794
       10.0270867145,       -0.26701279383
       10.0300666994,      -0.291700341623
       10.0333744827,      -0.318545417138
       10.0370461221,      -0.347655814238
       10.0411216419,       -0.37912111846
       10.0456454689,      -0.413003726253
       10.0506669168,      -0.449327256586
        10.056240724,      -0.488061692244
         10.06242765,      -0.529104427928
       10.0692951379,      -0.572256204413
       10.0769180494,      -0.617190663851
       10.0853794812,      -0.663415963906
       10.0947716705,      -0.710226552613
       10.1051970006,      -0.756643032685
        10.116769117,      -0.801339554118
       10.1296141662,      -0.842570706619
       10.1438721708,      -0.878174867202
        10.159698556,      -0.905930492518
       10.1772658435,      -0.924643375714
       10.1967655326,      -0.935283571427
       10.2184101876,      -0.940424100455
       10.2424357545,      -0.942581415803
       10.2691041339,       -0.94338047823
        10.298706035,      -0.943643006418
       10.3315641452,      -0.943719318507
       10.3680366475,       -0.94373882192
       10.4085211251,      -0.943743170972
       10.4534588952,      -0.943744010422
         10.50333982,      -0.943744149608
       10.5587076465,      -0.943744169306
        10.620165934,      -0.943744171691
       10.6883846331,      -0.943744171962
       10.7641073891,      -0.943744172019
       10.8481596482,      -0.943744172061
       10.9414576559,      -0.943744172107
       11.0450184444,      -0.943744172158
       11.1599709196,      -0.943744172214
       11.2875681671,      -0.943744172277
       11.4292011119,      -0.943744172347
       11.5864136805,      -0.943744172424
       11.7609196318,      -0.943744172509
       11.9546212376,      -0.943744172604
       12.1696300201,       -0.94374417271
       12.4082897686,      -0.943744172827
       12.6732020895,      -0.943744172957
       12.9672547657,      -0.943744173101
       13.2936532363,      -0.943744173261
       13.6559555387,      -0.943744173439
       14.0581110943,      -0.943744173637
        14.504503761,      -0.943744173856
       14.9999996211,      -0.943744174099
       15.2317110533,      -0.943744174212
       15.4750080571,      -0.943744174332
       15.7304699111,      -0.943744174457
       15.9987048577,      -0.943744174589
       16.2803515518,      -0.943744174727
       16.5760805805,      -0.943744174872
       16.8865960607,      -0.943744175024
       17.2126373148,      -0.943744175184
       17.5549806317,      -0.943744175352
       17.9144411144,      -0.943744175529
       18.2918746213,      -0.943744175714
       18.6881798035,      -0.943744175908
       19.1043002448,      -0.943744176113
       19.5412267082,      -0.943744176327
       19.9999994948,      -0.943744176552

