 2.500000000000E-03   0.000000000000E+00
 7.500000000000E-03   0.000000000000E+00
 1.250000000000E-02   0.000000000000E+00
 1.750000000000E-02   0.000000000000E+00
 2.250000000000E-02   0.000000000000E+00
 2.750000000000E-02   0.000000000000E+00
 3.250000000000E-02   0.000000000000E+00
 3.750000000000E-02   0.000000000000E+00
 4.250000000000E-02   0.000000000000E+00
 4.750000000000E-02   0.000000000000E+00
 5.250000000000E-02   0.000000000000E+00
 5.750000000000E-02   0.000000000000E+00
 6.250000000000E-02   0.000000000000E+00
 6.750000000000E-02   0.000000000000E+00
 7.250000000000E-02   0.000000000000E+00
 7.750000000000E-02   0.000000000000E+00
 8.250000000000E-02   0.000000000000E+00
 8.750000000000E-02   0.000000000000E+00
 9.250000000000E-02   0.000000000000E+00
 9.750000000000E-02   0.000000000000E+00
 1.025000000000E-01   0.000000000000E+00
 1.075000000000E-01   0.000000000000E+00
 1.125000000000E-01   0.000000000000E+00
 1.175000000000E-01   0.000000000000E+00
 1.225000000000E-01   0.000000000000E+00
 1.275000000000E-01   0.000000000000E+00
 1.325000000000E-01   0.000000000000E+00
 1.375000000000E-01   0.000000000000E+00
 1.425000000000E-01   0.000000000000E+00
 1.475000000000E-01   0.000000000000E+00
 1.525000000000E-01   0.000000000000E+00
 1.575000000000E-01   0.000000000000E+00
 1.625000000000E-01   0.000000000000E+00
 1.675000000000E-01   0.000000000000E+00
 1.725000000000E-01   0.000000000000E+00
 1.775000000000E-01   0.000000000000E+00
 1.825000000000E-01   0.000000000000E+00
 1.875000000000E-01   0.000000000000E+00
 1.925000000000E-01   0.000000000000E+00
 1.975000000000E-01   0.000000000000E+00
 2.025000000000E-01   0.000000000000E+00
 2.075000000000E-01   0.000000000000E+00
 2.125000000000E-01   0.000000000000E+00
 2.175000000000E-01   0.000000000000E+00
 2.225000000000E-01   0.000000000000E+00
 2.275000000000E-01   0.000000000000E+00
 2.325000000000E-01   0.000000000000E+00
 2.375000000000E-01   0.000000000000E+00
 2.425000000000E-01   0.000000000000E+00
 2.475000000000E-01   0.000000000000E+00
 2.525000000000E-01   0.000000000000E+00
 2.575000000000E-01   0.000000000000E+00
 2.625000000000E-01   0.000000000000E+00
 2.675000000000E-01   0.000000000000E+00
 2.725000000000E-01   0.000000000000E+00
 2.775000000000E-01   0.000000000000E+00
 2.825000000000E-01   0.000000000000E+00
 2.875000000000E-01   0.000000000000E+00
 2.925000000000E-01   0.000000000000E+00
 2.975000000000E-01   0.000000000000E+00
 3.025000000000E-01   0.000000000000E+00
 3.075000000000E-01   0.000000000000E+00
 3.125000000000E-01   0.000000000000E+00
 3.175000000000E-01   0.000000000000E+00
 3.225000000000E-01   0.000000000000E+00
 3.275000000000E-01   0.000000000000E+00
 3.325000000000E-01   0.000000000000E+00
 3.375000000000E-01   0.000000000000E+00
 3.425000000000E-01   0.000000000000E+00
 3.475000000000E-01   0.000000000000E+00
 3.525000000000E-01   0.000000000000E+00
 3.575000000000E-01   0.000000000000E+00
 3.625000000000E-01   0.000000000000E+00
 3.675000000000E-01   0.000000000000E+00
 3.725000000000E-01   0.000000000000E+00
 3.775000000000E-01   0.000000000000E+00
 3.825000000000E-01   0.000000000000E+00
 3.875000000000E-01   0.000000000000E+00
 3.925000000000E-01   0.000000000000E+00
 3.975000000000E-01   0.000000000000E+00
 4.025000000000E-01   0.000000000000E+00
 4.075000000000E-01   0.000000000000E+00
 4.125000000000E-01   0.000000000000E+00
 4.175000000000E-01   0.000000000000E+00
 4.225000000000E-01   0.000000000000E+00
 4.275000000000E-01   0.000000000000E+00
 4.325000000000E-01   0.000000000000E+00
 4.375000000000E-01   0.000000000000E+00
 4.425000000000E-01   0.000000000000E+00
 4.475000000000E-01   0.000000000000E+00
 4.525000000000E-01   0.000000000000E+00
 4.575000000000E-01   0.000000000000E+00
 4.625000000000E-01   0.000000000000E+00
 4.675000000000E-01   0.000000000000E+00
 4.725000000000E-01   0.000000000000E+00
 4.775000000000E-01   0.000000000000E+00
 4.825000000000E-01   0.000000000000E+00
 4.875000000000E-01   0.000000000000E+00
 4.925000000000E-01   0.000000000000E+00
 4.975000000000E-01   0.000000000000E+00
 5.025000000000E-01   0.000000000000E+00
 5.075000000000E-01   0.000000000000E+00
 5.125000000000E-01   0.000000000000E+00
 5.175000000000E-01   0.000000000000E+00
 5.225000000000E-01   0.000000000000E+00
 5.275000000000E-01   0.000000000000E+00
 5.325000000000E-01   0.000000000000E+00
 5.375000000000E-01   0.000000000000E+00
 5.425000000000E-01   0.000000000000E+00
 5.475000000000E-01   0.000000000000E+00
 5.525000000000E-01   0.000000000000E+00
 5.575000000000E-01   0.000000000000E+00
 5.625000000000E-01   0.000000000000E+00
 5.675000000000E-01   0.000000000000E+00
 5.725000000000E-01   0.000000000000E+00
 5.775000000000E-01   0.000000000000E+00
 5.825000000000E-01   0.000000000000E+00
 5.875000000000E-01   0.000000000000E+00
 5.925000000000E-01   0.000000000000E+00
 5.975000000000E-01   0.000000000000E+00
 6.025000000000E-01   0.000000000000E+00
 6.075000000000E-01   0.000000000000E+00
 6.125000000000E-01   0.000000000000E+00
 6.175000000000E-01   0.000000000000E+00
 6.225000000000E-01   0.000000000000E+00
 6.275000000000E-01   0.000000000000E+00
 6.325000000000E-01   0.000000000000E+00
 6.375000000000E-01   0.000000000000E+00
 6.425000000000E-01   0.000000000000E+00
 6.475000000000E-01   0.000000000000E+00
 6.525000000000E-01   0.000000000000E+00
 6.575000000000E-01   0.000000000000E+00
 6.625000000000E-01   0.000000000000E+00
 6.675000000000E-01   0.000000000000E+00
 6.725000000000E-01   0.000000000000E+00
 6.775000000000E-01   0.000000000000E+00
 6.825000000000E-01   0.000000000000E+00
 6.875000000000E-01   0.000000000000E+00
 6.925000000000E-01   0.000000000000E+00
 6.975000000000E-01   0.000000000000E+00
 7.025000000000E-01   0.000000000000E+00
 7.075000000000E-01   0.000000000000E+00
 7.125000000000E-01   0.000000000000E+00
 7.175000000000E-01   0.000000000000E+00
 7.225000000000E-01   0.000000000000E+00
 7.275000000000E-01   0.000000000000E+00
 7.325000000000E-01   0.000000000000E+00
 7.375000000000E-01   0.000000000000E+00
 7.425000000000E-01   0.000000000000E+00
 7.475000000000E-01   0.000000000000E+00
 7.525000000000E-01   0.000000000000E+00
 7.575000000000E-01   0.000000000000E+00
 7.625000000000E-01   0.000000000000E+00
 7.675000000000E-01   0.000000000000E+00
 7.725000000000E-01   0.000000000000E+00
 7.775000000000E-01   0.000000000000E+00
 7.825000000000E-01   0.000000000000E+00
 7.875000000000E-01   0.000000000000E+00
 7.925000000000E-01   0.000000000000E+00
 7.975000000000E-01   0.000000000000E+00
 8.025000000000E-01   0.000000000000E+00
 8.075000000000E-01   0.000000000000E+00
 8.125000000000E-01   0.000000000000E+00
 8.175000000000E-01   0.000000000000E+00
 8.225000000000E-01   0.000000000000E+00
 8.275000000000E-01   0.000000000000E+00
 8.325000000000E-01   0.000000000000E+00
 8.375000000000E-01   0.000000000000E+00
 8.425000000000E-01   0.000000000000E+00
 8.475000000000E-01   0.000000000000E+00
 8.525000000000E-01   3.503887018111E-05
 8.575000000000E-01   0.000000000000E+00
 8.625000000000E-01   1.711554351099E-04
 8.675000000000E-01   1.691881530426E-04
 8.725000000000E-01   7.024693003323E-04
 8.775000000000E-01   9.259823747167E-04
 8.825000000000E-01   2.190707157232E-03
 8.875000000000E-01   4.332185460985E-03
 8.925000000000E-01   6.169924331984E-03
 8.975000000000E-01   1.059046144740E-02
 9.025000000000E-01   1.678876955684E-02
 9.075000000000E-01   2.875601469081E-02
 9.125000000000E-01   4.137815079879E-02
 9.175000000000E-01   5.889695540987E-02
 9.225000000000E-01   8.378462549936E-02
 9.275000000000E-01   1.104425625963E-01
 9.325000000000E-01   1.472436795905E-01
 9.375000000000E-01   1.891370790969E-01
 9.425000000000E-01   2.377895518315E-01
 9.475000000000E-01   2.945123582178E-01
 9.525000000000E-01   3.572756638209E-01
 9.575000000000E-01   4.395747355768E-01
 9.625000000000E-01   5.106931069266E-01
 9.675000000000E-01   5.841574562290E-01
 9.725000000000E-01   6.692543117732E-01
 9.775000000000E-01   7.644167735144E-01
 9.825000000000E-01   8.527320621265E-01
 9.875000000000E-01   9.361687454944E-01
 9.925000000000E-01   1.024270249474E+00
 9.975000000000E-01   1.113480244467E+00
 1.002500000000E+00   1.196303152348E+00
 1.007500000000E+00   1.276302252023E+00
 1.012500000000E+00   1.350120985701E+00
 1.017500000000E+00   1.416773509012E+00
 1.022500000000E+00   1.489830620939E+00
 1.027500000000E+00   1.560678464777E+00
 1.032500000000E+00   1.600611012473E+00
 1.037500000000E+00   1.669227304452E+00
 1.042500000000E+00   1.712932212655E+00
 1.047500000000E+00   1.755194813163E+00
 1.052500000000E+00   1.786970068674E+00
 1.057500000000E+00   1.839881759764E+00
 1.062500000000E+00   1.863321396207E+00
 1.067500000000E+00   1.874756240563E+00
 1.072500000000E+00   1.894088529022E+00
 1.077500000000E+00   1.899668538854E+00
 1.082500000000E+00   1.922428094790E+00
 1.087500000000E+00   1.930414134435E+00
 1.092500000000E+00   1.926844793292E+00
 1.097500000000E+00   1.933408007612E+00
 1.102500000000E+00   1.934808041867E+00
 1.107500000000E+00   1.924166361088E+00
 1.112500000000E+00   1.915201095329E+00
 1.117500000000E+00   1.904952667183E+00
 1.122500000000E+00   1.902247719134E+00
 1.127500000000E+00   1.880526173564E+00
 1.132500000000E+00   1.867869141495E+00
 1.137500000000E+00   1.864827823631E+00
 1.142500000000E+00   1.863153193389E+00
 1.147500000000E+00   1.822642839387E+00
 1.152500000000E+00   1.814741994098E+00
 1.157500000000E+00   1.789898717641E+00
 1.162500000000E+00   1.778058544073E+00
 1.167500000000E+00   1.758134984332E+00
 1.172500000000E+00   1.749803495154E+00
 1.177500000000E+00   1.716994300820E+00
 1.182500000000E+00   1.705254866153E+00
 1.187500000000E+00   1.687999664581E+00
 1.192500000000E+00   1.656755140315E+00
 1.197500000000E+00   1.638314149607E+00
 1.202500000000E+00   1.611968327439E+00
 1.207500000000E+00   1.585931930096E+00
 1.212500000000E+00   1.579894120534E+00
 1.217500000000E+00   1.543718036485E+00
 1.222500000000E+00   1.534898964571E+00
 1.227500000000E+00   1.508443564588E+00
 1.232500000000E+00   1.502599657801E+00
 1.237500000000E+00   1.484080070536E+00
 1.242500000000E+00   1.455978426176E+00
 1.247500000000E+00   1.439339997919E+00
 1.252500000000E+00   1.416573429176E+00
 1.257500000000E+00   1.404992666109E+00
 1.262500000000E+00   1.374682525157E+00
 1.267500000000E+00   1.364619134587E+00
 1.272500000000E+00   1.353114257965E+00
 1.277500000000E+00   1.345570155950E+00
 1.282500000000E+00   1.324741441498E+00
 1.287500000000E+00   1.321661551461E+00
 1.292500000000E+00   1.297812984746E+00
 1.297500000000E+00   1.278013066454E+00
 1.302500000000E+00   1.257757858482E+00
 1.307500000000E+00   1.253891482337E+00
 1.312500000000E+00   1.238620713447E+00
 1.317500000000E+00   1.221975480606E+00
 1.322500000000E+00   1.209084059096E+00
 1.327500000000E+00   1.188187521258E+00
 1.332500000000E+00   1.178211643238E+00
 1.337500000000E+00   1.169817634997E+00
 1.342500000000E+00   1.162391755151E+00
 1.347500000000E+00   1.140766908752E+00
 1.352500000000E+00   1.139433704656E+00
 1.357500000000E+00   1.128996601570E+00
 1.362500000000E+00   1.119065815790E+00
 1.367500000000E+00   1.106485544781E+00
 1.372500000000E+00   1.090462747134E+00
 1.377500000000E+00   1.090478749095E+00
 1.382500000000E+00   1.070681004310E+00
 1.387500000000E+00   1.063996804477E+00
 1.392500000000E+00   1.061031677170E+00
 1.397500000000E+00   1.050284495130E+00
 1.402500000000E+00   1.040388299725E+00
 1.407500000000E+00   1.034462207574E+00
 1.412500000000E+00   1.030074345285E+00
 1.417500000000E+00   1.019347815994E+00
 1.422500000000E+00   1.013239038907E+00
 1.427500000000E+00   1.009977400772E+00
 1.432500000000E+00   1.003150218933E+00
 1.437500000000E+00   9.887037355183E-01
 1.442500000000E+00   9.805520638120E-01
 1.447500000000E+00   9.822485215156E-01
 1.452500000000E+00   9.697161674622E-01
 1.457500000000E+00   9.627746186401E-01
 1.462500000000E+00   9.582743622867E-01
 1.467500000000E+00   9.546643459119E-01
 1.472500000000E+00   9.513747897539E-01
 1.477500000000E+00   9.436517913206E-01
 1.482500000000E+00   9.445040282499E-01
 1.487500000000E+00   9.385103595063E-01
 1.492500000000E+00   9.371597868025E-01
 1.497500000000E+00   9.234288072763E-01
 1.502500000000E+00   9.288551343366E-01
 1.507500000000E+00   9.180647872452E-01
 1.512500000000E+00   9.198080721019E-01
 1.517500000000E+00   9.101738857820E-01
 1.522500000000E+00   9.119833826804E-01
 1.527500000000E+00   9.074196988399E-01
 1.532500000000E+00   9.035140964342E-01
 1.537500000000E+00   9.001463220665E-01
 1.542500000000E+00   8.986654092284E-01
 1.547500000000E+00   8.895499193571E-01
 1.552500000000E+00   8.908763297806E-01
 1.557500000000E+00   8.879999139935E-01
 1.562500000000E+00   8.839007982919E-01
 1.567500000000E+00   8.804162103756E-01
 1.572500000000E+00   8.829000202472E-01
 1.577500000000E+00   8.855905238012E-01
 1.582500000000E+00   8.797591790489E-01
 1.587500000000E+00   8.801978453091E-01
 1.592500000000E+00   8.758441481359E-01
 1.597500000000E+00   8.792009654579E-01
 1.602500000000E+00   8.748237897641E-01
 1.607500000000E+00   8.744652241300E-01
 1.612500000000E+00   8.704804550084E-01
 1.617500000000E+00   8.713265869437E-01
 1.622500000000E+00   8.647554436157E-01
 1.627500000000E+00   8.702177350076E-01
 1.632500000000E+00   8.629843071241E-01
 1.637500000000E+00   8.670385820031E-01
 1.642500000000E+00   8.594552758574E-01
 1.647500000000E+00   8.628590192079E-01
 1.652500000000E+00   8.614034297337E-01
 1.657500000000E+00   8.609599943140E-01
 1.662500000000E+00   8.583227438952E-01
 1.667500000000E+00   8.595754960194E-01
 1.672500000000E+00   8.602699457833E-01
 1.677500000000E+00   8.633027210964E-01
 1.682500000000E+00   8.605001400915E-01
 1.687500000000E+00   8.599601003061E-01
 1.692500000000E+00   8.632872804824E-01
 1.697500000000E+00   8.644394403211E-01
 1.702500000000E+00   8.668195170364E-01
 1.707500000000E+00   8.603966253590E-01
 1.712500000000E+00   8.655477497407E-01
 1.717500000000E+00   8.617154539789E-01
 1.722500000000E+00   8.626849571081E-01
 1.727500000000E+00   8.711549543092E-01
 1.732500000000E+00   8.670162233313E-01
 1.737500000000E+00   8.705106597995E-01
 1.742500000000E+00   8.716276353892E-01
 1.747500000000E+00   8.706662387408E-01
 1.752500000000E+00   8.702405439876E-01
 1.757500000000E+00   8.764339392673E-01
 1.762500000000E+00   8.748538898453E-01
 1.767500000000E+00   8.765625961640E-01
 1.772500000000E+00   8.824852865408E-01
 1.777500000000E+00   8.832741061319E-01
 1.782500000000E+00   8.866850114257E-01
 1.787500000000E+00   8.877805592734E-01
 1.792500000000E+00   8.905223629517E-01
 1.797500000000E+00   8.906033470127E-01
 1.802500000000E+00   8.941653486747E-01
 1.807500000000E+00   8.996073748384E-01
 1.812500000000E+00   9.001311589314E-01
 1.817500000000E+00   8.985695919170E-01
 1.822500000000E+00   9.023322323371E-01
 1.827500000000E+00   9.037605010590E-01
 1.832500000000E+00   9.090954426034E-01
 1.837500000000E+00   9.081217981160E-01
 1.842500000000E+00   9.133187223895E-01
 1.847500000000E+00   9.159319549920E-01
 1.852500000000E+00   9.141776514284E-01
 1.857500000000E+00   9.189015832919E-01
 1.862500000000E+00   9.224458681393E-01
 1.867500000000E+00   9.247708146875E-01
 1.872500000000E+00   9.323813433775E-01
 1.877500000000E+00   9.269523174613E-01
 1.882500000000E+00   9.346816656173E-01
 1.887500000000E+00   9.362549682960E-01
 1.892500000000E+00   9.388508940306E-01
 1.897500000000E+00   9.405153507404E-01
 1.902500000000E+00   9.429795440881E-01
 1.907500000000E+00   9.496951479857E-01
 1.912500000000E+00   9.516004944835E-01
 1.917500000000E+00   9.586258644339E-01
 1.922500000000E+00   9.607287245310E-01
 1.927500000000E+00   9.678209551255E-01
 1.932500000000E+00   9.711994760776E-01
 1.937500000000E+00   9.715658687553E-01
 1.942500000000E+00   9.780704063289E-01
 1.947500000000E+00   9.757335799199E-01
 1.952500000000E+00   9.832336892160E-01
 1.957500000000E+00   9.822511007816E-01
 1.962500000000E+00   9.906148519175E-01
 1.967500000000E+00   9.881189873467E-01
 1.972500000000E+00   9.924685872674E-01
 1.977500000000E+00   9.910832517538E-01
 1.982500000000E+00   1.005851600423E+00
 1.987500000000E+00   1.005412791686E+00
 1.992500000000E+00   1.012592210654E+00
 1.997500000000E+00   1.011154315568E+00
 2.002500000000E+00   1.017040043690E+00
 2.007500000000E+00   1.019366731521E+00
 2.012500000000E+00   1.019589229748E+00
 2.017500000000E+00   1.029569236524E+00
 2.022500000000E+00   1.026850582232E+00
 2.027500000000E+00   1.029535552603E+00
 2.032500000000E+00   1.030733112802E+00
 2.037500000000E+00   1.036482505780E+00
 2.042500000000E+00   1.036303459776E+00
 2.047500000000E+00   1.036399288061E+00
 2.052500000000E+00   1.045778607392E+00
 2.057500000000E+00   1.042915667492E+00
 2.062500000000E+00   1.044282456016E+00
 2.067500000000E+00   1.056692487759E+00
 2.072500000000E+00   1.053194792258E+00
 2.077500000000E+00   1.053500437585E+00
 2.082500000000E+00   1.055335287088E+00
 2.087500000000E+00   1.054762109772E+00
 2.092500000000E+00   1.060515752203E+00
 2.097500000000E+00   1.060709704681E+00
 2.102500000000E+00   1.062537351263E+00
 2.107500000000E+00   1.064209600853E+00
 2.112500000000E+00   1.064427584166E+00
 2.117500000000E+00   1.068516269459E+00
 2.122500000000E+00   1.066065530315E+00
 2.127500000000E+00   1.067485444560E+00
 2.132500000000E+00   1.071248993376E+00
 2.137500000000E+00   1.075729255750E+00
 2.142500000000E+00   1.069932010847E+00
 2.147500000000E+00   1.069334307703E+00
 2.152500000000E+00   1.065806687178E+00
 2.157500000000E+00   1.071660512209E+00
 2.162500000000E+00   1.072128734768E+00
 2.167500000000E+00   1.068938808508E+00
 2.172500000000E+00   1.073725011591E+00
 2.177500000000E+00   1.070507530058E+00
 2.182500000000E+00   1.069115186573E+00
 2.187500000000E+00   1.063302107194E+00
 2.192500000000E+00   1.065450449718E+00
 2.197500000000E+00   1.068280147336E+00
 2.202500000000E+00   1.063451095877E+00
 2.207500000000E+00   1.068337874079E+00
 2.212500000000E+00   1.066162522900E+00
 2.217500000000E+00   1.069583619752E+00
 2.222500000000E+00   1.065890061548E+00
 2.227500000000E+00   1.064589932600E+00
 2.232500000000E+00   1.062652088882E+00
 2.237500000000E+00   1.066026070978E+00
 2.242500000000E+00   1.065232447114E+00
 2.247500000000E+00   1.060608996580E+00
 2.252500000000E+00   1.060151645407E+00
 2.257500000000E+00   1.057069658229E+00
 2.262500000000E+00   1.059133396651E+00
 2.267500000000E+00   1.057681945231E+00
 2.272500000000E+00   1.055646214192E+00
 2.277500000000E+00   1.051394213606E+00
 2.282500000000E+00   1.052472621599E+00
 2.287500000000E+00   1.048504458563E+00
 2.292500000000E+00   1.044483338562E+00
 2.297500000000E+00   1.046483783227E+00
 2.302500000000E+00   1.045546213477E+00
 2.307500000000E+00   1.041885682058E+00
 2.312500000000E+00   1.036985106880E+00
 2.317500000000E+00   1.043728603016E+00
 2.322500000000E+00   1.035826214889E+00
 2.327500000000E+00   1.040631551350E+00
 2.332500000000E+00   1.043532712439E+00
 2.337500000000E+00   1.033415276053E+00
 2.342500000000E+00   1.036851128024E+00
 2.347500000000E+00   1.038700353138E+00
 2.352500000000E+00   1.033884828041E+00
 2.357500000000E+00   1.029998801574E+00
 2.362500000000E+00   1.031962600497E+00
 2.367500000000E+00   1.032165144288E+00
 2.372500000000E+00   1.027167728847E+00
 2.377500000000E+00   1.025469334173E+00
 2.382500000000E+00   1.024933561552E+00
 2.387500000000E+00   1.025608405480E+00
 2.392500000000E+00   1.022700779538E+00
 2.397500000000E+00   1.019564801693E+00
 2.402500000000E+00   1.024559294154E+00
 2.407500000000E+00   1.018247480875E+00
 2.412500000000E+00   1.019810878975E+00
 2.417500000000E+00   1.016725303941E+00
 2.422500000000E+00   1.014875810909E+00
 2.427500000000E+00   1.013097733670E+00
 2.432500000000E+00   1.015745506158E+00
 2.437500000000E+00   1.010571127963E+00
 2.442500000000E+00   1.010057569251E+00
 2.447500000000E+00   1.006041166877E+00
 2.452500000000E+00   1.004644357307E+00
 2.457500000000E+00   1.002963852256E+00
 2.462500000000E+00   1.001313894727E+00
 2.467500000000E+00   1.001705889857E+00
 2.472500000000E+00   9.993081377110E-01
 2.477500000000E+00   9.991784583552E-01
 2.482500000000E+00   9.997028368597E-01
 2.487500000000E+00   1.004342692231E+00
 2.492500000000E+00   9.999442741332E-01
 2.497500000000E+00   9.992595136160E-01
 2.502500000000E+00   9.988243428420E-01
 2.507500000000E+00   9.978703396070E-01
 2.512500000000E+00   9.975775753036E-01
 2.517500000000E+00   9.943662719884E-01
 2.522500000000E+00   9.976197958091E-01
 2.527500000000E+00   9.948326338699E-01
 2.532500000000E+00   9.912894142513E-01
 2.537500000000E+00   9.914562256306E-01
 2.542500000000E+00   9.915510300572E-01
 2.547500000000E+00   9.915354323883E-01
 2.552500000000E+00   9.914967134206E-01
 2.557500000000E+00   9.920308067753E-01
 2.562500000000E+00   9.919520897777E-01
 2.567500000000E+00   9.897186607952E-01
 2.572500000000E+00   9.876605459591E-01
 2.577500000000E+00   9.864618701833E-01
 2.582500000000E+00   9.885678118681E-01
 2.587500000000E+00   9.854013447529E-01
 2.592500000000E+00   9.906592898050E-01
 2.597500000000E+00   9.846637847603E-01
 2.602500000000E+00   9.841435898154E-01
 2.607500000000E+00   9.857137853892E-01
 2.612500000000E+00   9.815189939188E-01
 2.617500000000E+00   9.830059659528E-01
 2.622500000000E+00   9.801313012503E-01
 2.627500000000E+00   9.848181312074E-01
 2.632500000000E+00   9.812460398814E-01
 2.637500000000E+00   9.807578730834E-01
 2.642500000000E+00   9.806055222417E-01
 2.647500000000E+00   9.797461517781E-01
 2.652500000000E+00   9.788138994110E-01
 2.657500000000E+00   9.783901282146E-01
 2.662500000000E+00   9.762958517042E-01
 2.667500000000E+00   9.790595913147E-01
 2.672500000000E+00   9.773284246953E-01
 2.677500000000E+00   9.774575272597E-01
 2.682500000000E+00   9.772285323739E-01
 2.687500000000E+00   9.766947905409E-01
 2.692500000000E+00   9.745600372477E-01
 2.697500000000E+00   9.798605141863E-01
 2.702500000000E+00   9.787973159242E-01
 2.707500000000E+00   9.787114146042E-01
 2.712500000000E+00   9.759026164115E-01
 2.717500000000E+00   9.779354184078E-01
 2.722500000000E+00   9.766073018529E-01
 2.727500000000E+00   9.766789377734E-01
 2.732500000000E+00   9.771288978908E-01
 2.737500000000E+00   9.761316754658E-01
 2.742500000000E+00   9.776677164157E-01
 2.747500000000E+00   9.742272597502E-01
 2.752500000000E+00   9.770234178892E-01
 2.757500000000E+00   9.789288781792E-01
 2.762500000000E+00   9.752816732164E-01
 2.767500000000E+00   9.784037429152E-01
 2.772500000000E+00   9.803275444322E-01
 2.777500000000E+00   9.757911159446E-01
 2.782500000000E+00   9.786220796954E-01
 2.787500000000E+00   9.791323921688E-01
 2.792500000000E+00   9.791102935078E-01
 2.797500000000E+00   9.814378968302E-01
 2.802500000000E+00   9.792034972831E-01
 2.807500000000E+00   9.833206952921E-01
 2.812500000000E+00   9.816560876124E-01
 2.817500000000E+00   9.860053688771E-01
 2.822500000000E+00   9.858330351022E-01
 2.827500000000E+00   9.822507890147E-01
 2.832500000000E+00   9.858925386159E-01
 2.837500000000E+00   9.871462750690E-01
 2.842500000000E+00   9.838750746525E-01
 2.847500000000E+00   9.844302897334E-01
 2.852500000000E+00   9.868157737524E-01
 2.857500000000E+00   9.899051948908E-01
 2.862500000000E+00   9.903689311921E-01
 2.867500000000E+00   9.902349973499E-01
 2.872500000000E+00   9.902564747711E-01
 2.877500000000E+00   9.883465887012E-01
 2.882500000000E+00   9.877649101246E-01
 2.887500000000E+00   9.895025142328E-01
 2.892500000000E+00   9.890886195452E-01
 2.897500000000E+00   9.903611478045E-01
 2.902500000000E+00   9.879676189779E-01
 2.907500000000E+00   9.926907368124E-01
 2.912500000000E+00   9.894263762570E-01
 2.917500000000E+00   9.906870374188E-01
 2.922500000000E+00   9.876876680614E-01
 2.927500000000E+00   9.925115633733E-01
 2.932500000000E+00   9.895563349846E-01
 2.937500000000E+00   9.940315790692E-01
 2.942500000000E+00   9.973795752879E-01
 2.947500000000E+00   9.949424488150E-01
 2.952500000000E+00   9.946485671700E-01
 2.957500000000E+00   9.967528258491E-01
 2.962500000000E+00   9.943602020458E-01
 2.967500000000E+00   9.953324438005E-01
 2.972500000000E+00   9.978344007701E-01
 2.977500000000E+00   1.001678316054E+00
 2.982500000000E+00   9.999973050548E-01
 2.987500000000E+00   9.965872131988E-01
 2.992500000000E+00   9.976872307957E-01
 2.997500000000E+00   9.996246117623E-01
 3.002500000000E+00   9.991482101683E-01
 3.007500000000E+00   1.003936923791E+00
 3.012500000000E+00   9.984465082452E-01
 3.017500000000E+00   1.001972728419E+00
 3.022500000000E+00   1.001760071514E+00
 3.027500000000E+00   1.002296258861E+00
 3.032500000000E+00   1.001815514333E+00
 3.037500000000E+00   1.001034422050E+00
 3.042500000000E+00   1.001694533860E+00
 3.047500000000E+00   1.002076220978E+00
 3.052500000000E+00   1.001463446036E+00
 3.057500000000E+00   1.001620208458E+00
 3.062500000000E+00   1.004442279712E+00
 3.067500000000E+00   1.002956620833E+00
 3.072500000000E+00   1.004021714179E+00
 3.077500000000E+00   1.002520322356E+00
 3.082500000000E+00   1.006321729167E+00
 3.087500000000E+00   1.005228797442E+00
 3.092500000000E+00   1.006989408006E+00
 3.097500000000E+00   1.004067512279E+00
 3.102500000000E+00   1.006302161002E+00
 3.107500000000E+00   1.006919190091E+00
 3.112500000000E+00   1.010754960783E+00
 3.117500000000E+00   1.007195705334E+00
 3.122500000000E+00   1.009898790668E+00
 3.127500000000E+00   1.004547883372E+00
 3.132500000000E+00   1.008506124720E+00
 3.137500000000E+00   1.009997231944E+00
 3.142500000000E+00   1.008938954842E+00
 3.147500000000E+00   1.011349831577E+00
 3.152500000000E+00   1.006973317336E+00
 3.157500000000E+00   1.009564274752E+00
 3.162500000000E+00   1.008408851159E+00
 3.167500000000E+00   1.009078033717E+00
 3.172500000000E+00   1.004768885523E+00
 3.177500000000E+00   1.008454321036E+00
 3.182500000000E+00   1.008259869554E+00
 3.187500000000E+00   1.006322275843E+00
 3.192500000000E+00   1.008107124479E+00
 3.197500000000E+00   1.011596960240E+00
 3.202500000000E+00   1.008840403256E+00
 3.207500000000E+00   1.009383143056E+00
 3.212500000000E+00   1.009858399308E+00
 3.217500000000E+00   1.010561970996E+00
 3.222500000000E+00   1.010155283663E+00
 3.227500000000E+00   1.010667877464E+00
 3.232500000000E+00   1.008832908470E+00
 3.237500000000E+00   1.008243500382E+00
 3.242500000000E+00   1.008878476054E+00
 3.247500000000E+00   1.008821437774E+00
 3.252500000000E+00   1.007777859222E+00
 3.257500000000E+00   1.009308492150E+00
 3.262500000000E+00   1.010880040879E+00
 3.267500000000E+00   1.008225142576E+00
 3.272500000000E+00   1.009210305614E+00
 3.277500000000E+00   1.006474810844E+00
 3.282500000000E+00   1.008832519281E+00
 3.287500000000E+00   1.010198136416E+00
 3.292500000000E+00   1.009864208332E+00
 3.297500000000E+00   1.009740772745E+00
 3.302500000000E+00   1.006923735808E+00
 3.307500000000E+00   1.005750872884E+00
 3.312500000000E+00   1.005532004997E+00
 3.317500000000E+00   1.008081769997E+00
 3.322500000000E+00   1.005511307531E+00
 3.327500000000E+00   1.005727678007E+00
 3.332500000000E+00   1.009650553766E+00
 3.337500000000E+00   1.007640397749E+00
 3.342500000000E+00   1.007773425062E+00
 3.347500000000E+00   1.008144316783E+00
 3.352500000000E+00   1.003954456664E+00
 3.357500000000E+00   1.006491908350E+00
 3.362500000000E+00   1.006221560718E+00
 3.367500000000E+00   1.004374241602E+00
 3.372500000000E+00   1.003164817987E+00
 3.377500000000E+00   1.006599065548E+00
 3.382500000000E+00   1.004195139254E+00
 3.387500000000E+00   1.005635654425E+00
 3.392500000000E+00   1.007140761414E+00
 3.397500000000E+00   1.008476027175E+00
 3.402500000000E+00   1.002986938126E+00
 3.407500000000E+00   1.006936506411E+00
 3.412500000000E+00   1.005940686838E+00
 3.417500000000E+00   1.005648447485E+00
 3.422500000000E+00   1.005099266460E+00
 3.427500000000E+00   1.005442070956E+00
 3.432500000000E+00   1.001829883634E+00
 3.437500000000E+00   1.002020842030E+00
 3.442500000000E+00   1.004013589731E+00
 3.447500000000E+00   1.000730603305E+00
 3.452500000000E+00   1.000062349076E+00
 3.457500000000E+00   1.001200161908E+00
 3.462500000000E+00   1.000313656858E+00
 3.467500000000E+00   9.987969612528E-01
 3.472500000000E+00   1.001035427493E+00
 3.477500000000E+00   1.000839504177E+00
 3.482500000000E+00   9.990175080926E-01
 3.487500000000E+00   9.989793784973E-01
 3.492500000000E+00   1.001739059662E+00
 3.497500000000E+00   1.000305017428E+00
 3.502500000000E+00   1.000377948257E+00
 3.507500000000E+00   9.992686376910E-01
 3.512500000000E+00   1.000097606490E+00
 3.517500000000E+00   9.990881536133E-01
 3.522500000000E+00   9.987412344038E-01
 3.527500000000E+00   9.995157797837E-01
 3.532500000000E+00   9.988024454847E-01
 3.537500000000E+00   9.974583227847E-01
 3.542500000000E+00   9.975889584275E-01
 3.547500000000E+00   9.971665367028E-01
 3.552500000000E+00   9.973700659097E-01
 3.557500000000E+00   9.973552292081E-01
 3.562500000000E+00   9.969673579675E-01
 3.567500000000E+00   9.981383956150E-01
 3.572500000000E+00   9.971820245248E-01
 3.577500000000E+00   9.984913397863E-01
 3.582500000000E+00   9.979422513241E-01
 3.587500000000E+00   9.975071010832E-01
 3.592500000000E+00   9.976131047709E-01
 3.597500000000E+00   9.978209165902E-01
 3.602500000000E+00   9.980178455781E-01
 3.607500000000E+00   9.988907864125E-01
 3.612500000000E+00   9.971520379934E-01
 3.617500000000E+00   9.977969825648E-01
 3.622500000000E+00   9.961408476735E-01
 3.627500000000E+00   9.957576002037E-01
 3.632500000000E+00   9.941298482993E-01
 3.637500000000E+00   9.955211561363E-01
 3.642500000000E+00   9.936632388672E-01
 3.647500000000E+00   9.936434902795E-01
 3.652500000000E+00   9.973613664498E-01
 3.657500000000E+00   9.937892435158E-01
 3.662500000000E+00   9.916528896688E-01
 3.667500000000E+00   9.932295044450E-01
 3.672500000000E+00   9.927132175329E-01
 3.677500000000E+00   9.946871837422E-01
 3.682500000000E+00   9.948872565339E-01
 3.687500000000E+00   9.937005099966E-01
 3.692500000000E+00   9.928153650202E-01
 3.697500000000E+00   9.939485851761E-01
 3.702500000000E+00   9.922633905234E-01
 3.707500000000E+00   9.934792525389E-01
 3.712500000000E+00   9.933861088682E-01
 3.717500000000E+00   9.944341446826E-01
 3.722500000000E+00   9.954656183120E-01
 3.727500000000E+00   9.972375800437E-01
 3.732500000000E+00   9.978906317622E-01
 3.737500000000E+00   9.945024065430E-01
 3.742500000000E+00   9.971647871270E-01
 3.747500000000E+00   9.941394068813E-01
 3.752500000000E+00   9.938464593396E-01
 3.757500000000E+00   9.941719904436E-01
 3.762500000000E+00   9.955733712057E-01
 3.767500000000E+00   9.968310561306E-01
 3.772500000000E+00   9.948793235569E-01
 3.777500000000E+00   9.952918282251E-01
 3.782500000000E+00   9.953996624350E-01
 3.787500000000E+00   9.966235774187E-01
 3.792500000000E+00   9.942346730002E-01
 3.797500000000E+00   9.942140112532E-01
 3.802500000000E+00   9.949244284376E-01
 3.807500000000E+00   9.969205073214E-01
 3.812500000000E+00   9.972401040208E-01
 3.817500000000E+00   9.965393919184E-01
 3.822500000000E+00   9.976113486021E-01
 3.827500000000E+00   9.964458831498E-01
 3.832500000000E+00   9.977640345941E-01
 3.837500000000E+00   9.974534135472E-01
 3.842500000000E+00   9.957612733665E-01
 3.847500000000E+00   9.958480964198E-01
 3.852500000000E+00   9.968576210386E-01
 3.857500000000E+00   9.982247886831E-01
 3.862500000000E+00   9.989755982949E-01
 3.867500000000E+00   9.952297781149E-01
 3.872500000000E+00   9.973549275297E-01
 3.877500000000E+00   9.977314642492E-01
 3.882500000000E+00   9.959860110057E-01
 3.887500000000E+00   9.947146601242E-01
 3.892500000000E+00   9.956482301582E-01
 3.897500000000E+00   9.961797934545E-01
 3.902500000000E+00   1.000211694450E+00
 3.907500000000E+00   9.996816456551E-01
 3.912500000000E+00   9.978651268008E-01
 3.917500000000E+00   9.966121400436E-01
 3.922500000000E+00   1.000785931880E+00
 3.927500000000E+00   9.986141471638E-01
 3.932500000000E+00   9.988625144388E-01
 3.937500000000E+00   9.966049101283E-01
 3.942500000000E+00   9.994916466387E-01
 3.947500000000E+00   9.989255551536E-01
 3.952500000000E+00   1.001622452728E+00
 3.957500000000E+00   9.982151095937E-01
 3.962500000000E+00   1.000712198662E+00
 3.967500000000E+00   1.000252503073E+00
 3.972500000000E+00   1.001813866710E+00
 3.977500000000E+00   9.970690525599E-01
 3.982500000000E+00   1.000663337207E+00
 3.987500000000E+00   9.995519560521E-01
 3.992500000000E+00   1.003034313675E+00
 3.997500000000E+00   1.000690863873E+00
 4.002500000000E+00   1.000250743605E+00
 4.007500000000E+00   1.001438111782E+00
 4.012500000000E+00   9.999909224917E-01
 4.017500000000E+00   1.000224940868E+00
 4.022500000000E+00   9.998330575848E-01
 4.027500000000E+00   9.995342293104E-01
 4.032500000000E+00   9.985525986066E-01
 4.037500000000E+00   9.995472840541E-01
 4.042500000000E+00   9.993699757649E-01
 4.047500000000E+00   1.000516406429E+00
 4.052500000000E+00   9.977947479079E-01
 4.057500000000E+00   9.987090639626E-01
 4.062500000000E+00   9.983043467298E-01
 4.067500000000E+00   9.990729822773E-01
 4.072500000000E+00   9.971386961056E-01
 4.077500000000E+00   9.971744289514E-01
 4.082500000000E+00   9.977310564021E-01
 4.087500000000E+00   9.989236402252E-01
 4.092500000000E+00   9.980122864397E-01
 4.097500000000E+00   1.000598416651E+00
 4.102500000000E+00   1.001315540204E+00
 4.107500000000E+00   1.001567371693E+00
 4.112500000000E+00   1.000858921940E+00
 4.117500000000E+00   1.000634604694E+00
 4.122500000000E+00   1.001003282907E+00
 4.127500000000E+00   9.996796765797E-01
 4.132500000000E+00   1.002713629318E+00
 4.137500000000E+00   1.000538545921E+00
 4.142500000000E+00   1.000734945154E+00
 4.147500000000E+00   1.000364952929E+00
 4.152500000000E+00   1.000804601350E+00
 4.157500000000E+00   9.991251329571E-01
 4.162500000000E+00   1.000368214956E+00
 4.167500000000E+00   1.000213981176E+00
 4.172500000000E+00   1.001268706828E+00
 4.177500000000E+00   1.000964324934E+00
 4.182500000000E+00   1.000138855360E+00
 4.187500000000E+00   1.001354831555E+00
 4.192500000000E+00   9.985795474044E-01
 4.197500000000E+00   1.000660735358E+00
 4.202500000000E+00   1.000443841482E+00
 4.207500000000E+00   1.000783266545E+00
 4.212500000000E+00   9.995311216708E-01
 4.217500000000E+00   1.002804607633E+00
 4.222500000000E+00   1.000910994861E+00
 4.227500000000E+00   1.002691124794E+00
 4.232500000000E+00   1.000657548257E+00
 4.237500000000E+00   1.001372046349E+00
 4.242500000000E+00   9.993696333672E-01
 4.247500000000E+00   1.001025354928E+00
 4.252500000000E+00   1.002333981061E+00
 4.257500000000E+00   1.002483127906E+00
 4.262500000000E+00   1.002300852247E+00
 4.267500000000E+00   9.988531010645E-01
 4.272500000000E+00   1.000061312641E+00
 4.277500000000E+00   9.976620932771E-01
 4.282500000000E+00   1.002374902455E+00
 4.287500000000E+00   1.001077311488E+00
 4.292500000000E+00   9.997305254046E-01
 4.297500000000E+00   9.997716307877E-01
 4.302500000000E+00   9.993063681920E-01
 4.307500000000E+00   9.987952803304E-01
 4.312500000000E+00   9.991026845140E-01
 4.317500000000E+00   9.984155802083E-01
 4.322500000000E+00   1.000022772340E+00
 4.327500000000E+00   9.994020880725E-01
 4.332500000000E+00   9.984953536698E-01
 4.337500000000E+00   1.000113082188E+00
 4.342500000000E+00   9.997302364621E-01
 4.347500000000E+00   9.973727263142E-01
 4.352500000000E+00   9.977870706259E-01
 4.357500000000E+00   9.983913492682E-01
 4.362500000000E+00   9.998760204081E-01
 4.367500000000E+00   9.978816708428E-01
 4.372500000000E+00   9.983472329706E-01
 4.377500000000E+00   1.000433293206E+00
 4.382500000000E+00   9.971719970930E-01
 4.387500000000E+00   9.983306478600E-01
 4.392500000000E+00   9.988070110514E-01
 4.397500000000E+00   9.989546885109E-01
 4.402500000000E+00   1.000293396258E+00
 4.407500000000E+00   9.979687913724E-01
 4.412500000000E+00   1.000416785000E+00
 4.417500000000E+00   1.000336546138E+00
 4.422500000000E+00   9.987711569742E-01
 4.427500000000E+00   1.001341234554E+00
 4.432500000000E+00   9.990380559502E-01
 4.437500000000E+00   1.000456759656E+00
 4.442500000000E+00   1.000038217030E+00
 4.447500000000E+00   1.000475137020E+00
 4.452500000000E+00   9.998080461344E-01
 4.457500000000E+00   1.001057442516E+00
 4.462500000000E+00   1.000472685735E+00
 4.467500000000E+00   1.000010522269E+00
 4.472500000000E+00   9.990119770297E-01
 4.477500000000E+00   1.000507509415E+00
 4.482500000000E+00   9.990498130347E-01
 4.487500000000E+00   9.989200945957E-01
 4.492500000000E+00   9.995379415432E-01
 4.497500000000E+00   1.000096439784E+00
 4.502500000000E+00   9.995395794066E-01
 4.507500000000E+00   9.988686734514E-01
 4.512500000000E+00   9.998590329604E-01
 4.517500000000E+00   1.000148788250E+00
 4.522500000000E+00   9.996379936765E-01
 4.527500000000E+00   9.975977551084E-01
 4.532500000000E+00   1.000394612053E+00
 4.537500000000E+00   9.986994339485E-01
 4.542500000000E+00   9.998538907583E-01
 4.547500000000E+00   1.000310050105E+00
 4.552500000000E+00   1.000360014764E+00
 4.557500000000E+00   9.982961985587E-01
 4.562500000000E+00   9.997731460502E-01
 4.567500000000E+00   9.967493300457E-01
 4.572500000000E+00   9.995033775061E-01
 4.577500000000E+00   9.994611992350E-01
 4.582500000000E+00   9.989050872082E-01
 4.587500000000E+00   9.984337242600E-01
 4.592500000000E+00   9.995304234126E-01
 4.597500000000E+00   9.974117457520E-01
 4.602500000000E+00   9.986298185420E-01
 4.607500000000E+00   9.970165753166E-01
 4.612500000000E+00   9.996762146916E-01
 4.617500000000E+00   9.994759014176E-01
 4.622500000000E+00   9.974912527196E-01
 4.627500000000E+00   9.978816877822E-01
 4.632500000000E+00   9.979951929939E-01
 4.637500000000E+00   9.987772487232E-01
 4.642500000000E+00   9.977305568351E-01
 4.647500000000E+00   1.000042570944E+00
 4.652500000000E+00   9.978424895417E-01
 4.657500000000E+00   9.985279697755E-01
 4.662500000000E+00   9.985756642587E-01
 4.667500000000E+00   9.976343246544E-01
 4.672500000000E+00   9.971741089555E-01
 4.677500000000E+00   9.972524618450E-01
 4.682500000000E+00   9.989483692724E-01
 4.687500000000E+00   9.956699157604E-01
 4.692500000000E+00   9.987995530843E-01
 4.697500000000E+00   9.990828502641E-01
 4.702500000000E+00   9.984782951402E-01
 4.707500000000E+00   9.964043486511E-01
 4.712500000000E+00   9.982642861109E-01
 4.717500000000E+00   9.961218584900E-01
 4.722500000000E+00   9.970566046214E-01
 4.727500000000E+00   9.977196891258E-01
 4.732500000000E+00   9.971247776575E-01
 4.737500000000E+00   9.985905818056E-01
 4.742500000000E+00   9.958803412183E-01
 4.747500000000E+00   9.962546730857E-01
 4.752500000000E+00   9.963771876995E-01
 4.757500000000E+00   9.958725686640E-01
 4.762500000000E+00   9.960504828076E-01
 4.767500000000E+00   9.959027957531E-01
 4.772500000000E+00   9.965674567210E-01
 4.777500000000E+00   9.931448909774E-01
 4.782500000000E+00   9.982203745900E-01
 4.787500000000E+00   9.962852848624E-01
 4.792500000000E+00   9.979283394276E-01
 4.797500000000E+00   9.972511249608E-01
 4.802500000000E+00   9.973452222260E-01
 4.807500000000E+00   9.971910701320E-01
 4.812500000000E+00   9.975180894189E-01
 4.817500000000E+00   9.976912832825E-01
 4.822500000000E+00   9.994131634916E-01
 4.827500000000E+00   9.961147137161E-01
 4.832500000000E+00   9.971142343032E-01
 4.837500000000E+00   9.977222829233E-01
 4.842500000000E+00   9.974754142749E-01
 4.847500000000E+00   9.972642860773E-01
 4.852500000000E+00   9.971762770187E-01
 4.857500000000E+00   9.981571141344E-01
 4.862500000000E+00   9.999051054541E-01
 4.867500000000E+00   9.990212966821E-01
 4.872500000000E+00   9.964893545159E-01
 4.877500000000E+00   1.000620357401E+00
 4.882500000000E+00   9.972164501270E-01
 4.887500000000E+00   9.989999115263E-01
 4.892500000000E+00   9.991080215520E-01
 4.897500000000E+00   9.988728104465E-01
 4.902500000000E+00   9.977698011167E-01
 4.907500000000E+00   9.977096449842E-01
 4.912500000000E+00   9.975526983405E-01
 4.917500000000E+00   9.979040057112E-01
 4.922500000000E+00   9.982465734444E-01
 4.927500000000E+00   9.979857909860E-01
 4.932500000000E+00   9.990124531243E-01
 4.937500000000E+00   9.983407540591E-01
 4.942500000000E+00   9.971526818230E-01
 4.947500000000E+00   9.983569940199E-01
 4.952500000000E+00   9.983531871842E-01
 4.957500000000E+00   9.994239046233E-01
 4.962500000000E+00   9.983850364172E-01
 4.967500000000E+00   9.987652095281E-01
 4.972500000000E+00   9.995661497295E-01
 4.977500000000E+00   9.998921434192E-01
 4.982500000000E+00   9.984956434249E-01
 4.987500000000E+00   9.985052048310E-01
 4.992500000000E+00   9.999062613065E-01
 4.997500000000E+00   9.957346782196E-01
