 1.000000000000E-02   0.000000000000E+00
 2.000000000000E-02   4.361676953473E-04
 3.000000000000E-02   1.738023446238E-03
 4.000000000000E-02   3.886938624359E-03
 5.000000000000E-02   6.854672389105E-03
 6.000000000000E-02   1.060589513798E-02
 7.000000000000E-02   1.510060746686E-02
 8.000000000000E-02   2.029621825851E-02
 9.000000000000E-02   2.614883179837E-02
 1.000000000000E-01   3.261413251053E-02
 1.100000000000E-01   3.964851483056E-02
 1.200000000000E-01   4.720994450653E-02
 1.300000000000E-01   5.525817349033E-02
 1.400000000000E-01   6.375568935654E-02
 1.500000000000E-01   7.266895309656E-02
 1.600000000000E-01   8.196846489859E-02
 1.700000000000E-01   9.162832978238E-02
 1.800000000000E-01   1.016257617425E-01
 1.900000000000E-01   1.119397853348E-01
 2.000000000000E-01   1.225500729889E-01
 2.100000000000E-01   1.334371131154E-01
 2.200000000000E-01   1.445825559091E-01
 2.300000000000E-01   1.559689754758E-01
 2.400000000000E-01   1.675808180310E-01
 2.500000000000E-01   1.794056721704E-01
 2.600000000000E-01   1.914340414410E-01
 2.700000000000E-01   2.036584712662E-01
 2.800000000000E-01   2.160726007416E-01
 2.900000000000E-01   2.286696467867E-01
 3.000000000000E-01   2.414415412504E-01
 3.100000000000E-01   2.543795570623E-01
 3.200000000000E-01   2.674749100071E-01
 3.300000000000E-01   2.807185916530E-01
 3.400000000000E-01   2.941024720648E-01
 3.500000000000E-01   3.076207438076E-01
 3.600000000000E-01   3.212698313461E-01
 3.700000000000E-01   3.350476447024E-01
 3.800000000000E-01   3.489526296867E-01
 3.900000000000E-01   3.629822669383E-01
 4.000000000000E-01   3.771322961934E-01
 4.100000000000E-01   3.913973795674E-01
 4.200000000000E-01   4.057717780271E-01
 4.300000000000E-01   4.202492180207E-01
 4.400000000000E-01   4.348239485675E-01
 4.500000000000E-01   4.494921020061E-01
 4.600000000000E-01   4.642516118626E-01
 4.700000000000E-01   4.791015683313E-01
 4.800000000000E-01   4.940414157455E-01
 4.900000000000E-01   5.090695451044E-01
 5.000000000000E-01   5.241827106314E-01
 5.100000000000E-01   5.393769621855E-01
 5.200000000000E-01   5.546484190337E-01
 5.300000000000E-01   5.699928422402E-01
 5.400000000000E-01   5.854062150752E-01
 5.500000000000E-01   6.008858378738E-01
 5.600000000000E-01   6.164304276058E-01
 5.700000000000E-01   6.320399440954E-01
 5.800000000000E-01   6.477149397402E-01
 5.900000000000E-01   6.634548919615E-01
 6.000000000000E-01   6.792575609017E-01
 6.100000000000E-01   6.951201170679E-01
 6.200000000000E-01   7.110399929483E-01
 6.300000000000E-01   7.270141847240E-01
 6.400000000000E-01   7.430394147620E-01
 6.500000000000E-01   7.591132089810E-01
 6.600000000000E-01   7.752344041689E-01
 6.700000000000E-01   7.914033011843E-01
 6.800000000000E-01   8.076209532819E-01
 6.900000000000E-01   8.238872954500E-01
 7.000000000000E-01   8.402005407290E-01
 7.100000000000E-01   8.565584233405E-01
 7.200000000000E-01   8.729590099932E-01
 7.300000000000E-01   8.893997934466E-01
 7.400000000000E-01   9.058775772044E-01
 7.500000000000E-01   9.223896297920E-01
 7.600000000000E-01   9.389346057918E-01
 7.700000000000E-01   9.555129791282E-01
 7.800000000000E-01   9.721262962838E-01
 7.900000000000E-01   9.887751827679E-01
 8.000000000000E-01   1.005458698717E+00
 8.100000000000E-01   1.022175471512E+00
 8.200000000000E-01   1.038924382890E+00
 8.300000000000E-01   1.055703636887E+00
 8.400000000000E-01   1.072510563663E+00
 8.500000000000E-01   1.089342630736E+00
 8.600000000000E-01   1.106198452888E+00
 8.700000000000E-01   1.123078555842E+00
 8.800000000000E-01   1.139984779675E+00
 8.900000000000E-01   1.156918197828E+00
 9.000000000000E-01   1.173878326605E+00
 9.100000000000E-01   1.190864142039E+00
 9.200000000000E-01   1.207874828997E+00
 9.300000000000E-01   1.224909063942E+00
 9.400000000000E-01   1.241964747143E+00
 9.500000000000E-01   1.259039678572E+00
 9.600000000000E-01   1.276132552012E+00
 9.700000000000E-01   1.293244011111E+00
 9.800000000000E-01   1.310376183930E+00
 9.900000000000E-01   1.327530556429E+00
 1.000000000000E+00   1.344707159021E+00
 1.010000000000E+00   1.361905600077E+00
 1.020000000000E+00   1.379125648766E+00
 1.030000000000E+00   1.396366385784E+00
 1.040000000000E+00   1.413625789448E+00
 1.050000000000E+00   1.430901301740E+00
 1.060000000000E+00   1.448191124440E+00
 1.070000000000E+00   1.465495606218E+00
 1.080000000000E+00   1.482816847964E+00
 1.090000000000E+00   1.500156621107E+00
 1.100000000000E+00   1.517515568075E+00
 1.110000000000E+00   1.534893949319E+00
 1.120000000000E+00   1.552291745965E+00
 1.130000000000E+00   1.569707790249E+00
 1.140000000000E+00   1.587139607152E+00
 1.150000000000E+00   1.604583923472E+00
 1.160000000000E+00   1.622038165860E+00
 1.170000000000E+00   1.639502275643E+00
 1.180000000000E+00   1.656978484173E+00
 1.190000000000E+00   1.674469110018E+00
 1.200000000000E+00   1.691975523573E+00
 1.210000000000E+00   1.709498650859E+00
 1.220000000000E+00   1.727038902360E+00
 1.230000000000E+00   1.744595395804E+00
 1.240000000000E+00   1.762165941230E+00
 1.250000000000E+00   1.779747347896E+00
 1.260000000000E+00   1.797336826904E+00
 1.270000000000E+00   1.814934099677E+00
 1.280000000000E+00   1.832541537644E+00
 1.290000000000E+00   1.850161982255E+00
 1.300000000000E+00   1.867797368853E+00
 1.310000000000E+00   1.885448921807E+00
 1.320000000000E+00   1.903117062595E+00
 1.330000000000E+00   1.920800832210E+00
 1.340000000000E+00   1.938497995736E+00
 1.350000000000E+00   1.956205271028E+00
 1.360000000000E+00   1.973919686872E+00
 1.370000000000E+00   1.991640752648E+00
 1.380000000000E+00   2.009370638038E+00
 1.390000000000E+00   2.027111980651E+00
 1.400000000000E+00   2.044866469827E+00
 1.410000000000E+00   2.062634972373E+00
 1.420000000000E+00   2.080417551997E+00
 1.430000000000E+00   2.098213133270E+00
 1.440000000000E+00   2.116019686337E+00
 1.450000000000E+00   2.133834327302E+00
 1.460000000000E+00   2.151654388959E+00
 1.470000000000E+00   2.169479578005E+00
 1.480000000000E+00   2.187312295566E+00
 1.490000000000E+00   2.205155351539E+00
 1.500000000000E+00   2.223010381210E+00
 1.510000000000E+00   2.240877735308E+00
 1.520000000000E+00   2.258756578479E+00
 1.530000000000E+00   2.276645075932E+00
 1.540000000000E+00   2.294541124591E+00
 1.550000000000E+00   2.312442580638E+00
 1.560000000000E+00   2.330347898354E+00
 1.570000000000E+00   2.348257773130E+00
 1.580000000000E+00   2.366175086814E+00
 1.590000000000E+00   2.384102474713E+00
 1.600000000000E+00   2.402041141886E+00
 1.610000000000E+00   2.419991063387E+00
 1.620000000000E+00   2.437951112776E+00
 1.630000000000E+00   2.455919218515E+00
 1.640000000000E+00   2.473893056045E+00
 1.650000000000E+00   2.491870391292E+00
 1.660000000000E+00   2.509849826843E+00
 1.670000000000E+00   2.527832324155E+00
 1.680000000000E+00   2.545820923328E+00
 1.690000000000E+00   2.563818297604E+00
 1.700000000000E+00   2.581825924327E+00
 1.710000000000E+00   2.599844415741E+00
 1.720000000000E+00   2.617873215581E+00
 1.730000000000E+00   2.635910352054E+00
 1.740000000000E+00   2.653953189139E+00
 1.750000000000E+00   2.671999049017E+00
 1.760000000000E+00   2.690046185119E+00
 1.770000000000E+00   2.708095365843E+00
 1.780000000000E+00   2.726149537541E+00
 1.790000000000E+00   2.744211375246E+00
 1.800000000000E+00   2.762282680323E+00
 1.810000000000E+00   2.780364713630E+00
 1.820000000000E+00   2.798457429379E+00
 1.830000000000E+00   2.816558811002E+00
 1.840000000000E+00   2.834665662209E+00
 1.850000000000E+00   2.852774623624E+00
 1.860000000000E+00   2.870883512442E+00
 1.870000000000E+00   2.888993080091E+00
 1.880000000000E+00   2.907106513206E+00
 1.890000000000E+00   2.925226752204E+00
 1.900000000000E+00   2.943355997117E+00
 1.910000000000E+00   2.961496100726E+00
 1.920000000000E+00   2.979647722632E+00
 1.930000000000E+00   2.997809605829E+00
 1.940000000000E+00   3.015979163090E+00
 1.950000000000E+00   3.034153235231E+00
 1.960000000000E+00   3.052329249878E+00
 1.970000000000E+00   3.070507018069E+00
 1.980000000000E+00   3.088688566773E+00
 1.990000000000E+00   3.106875889284E+00
 2.000000000000E+00   3.125070717509E+00
 2.010000000000E+00   3.143274862309E+00
 2.020000000000E+00   3.161489212113E+00
 2.030000000000E+00   3.179713027441E+00
 2.040000000000E+00   3.197944292328E+00
 2.050000000000E+00   3.216179823282E+00
 2.060000000000E+00   3.234416356237E+00
 2.070000000000E+00   3.252653074840E+00
 2.080000000000E+00   3.270891959801E+00
 2.090000000000E+00   3.289135538334E+00
 2.100000000000E+00   3.307386374563E+00
 2.110000000000E+00   3.325646886893E+00
 2.120000000000E+00   3.343917938975E+00
 2.130000000000E+00   3.362198240425E+00
 2.140000000000E+00   3.380485095379E+00
 2.150000000000E+00   3.398774792336E+00
 2.160000000000E+00   3.417063762475E+00
 2.170000000000E+00   3.435351216536E+00
 2.180000000000E+00   3.453639488056E+00
 2.190000000000E+00   3.471931544347E+00
 2.200000000000E+00   3.490230358391E+00
 2.210000000000E+00   3.508538669695E+00
 2.220000000000E+00   3.526857427949E+00
 2.230000000000E+00   3.545185071380E+00
 2.240000000000E+00   3.563518497394E+00
 2.250000000000E+00   3.581853760547E+00
 2.260000000000E+00   3.600187202339E+00
 2.270000000000E+00   3.618518095846E+00
 2.280000000000E+00   3.636848989217E+00
 2.290000000000E+00   3.655182953395E+00
 2.300000000000E+00   3.673522867431E+00
 2.310000000000E+00   3.691871313435E+00
 2.320000000000E+00   3.710228973970E+00
 2.330000000000E+00   3.728593841799E+00
 2.340000000000E+00   3.746962470064E+00
 2.350000000000E+00   3.765331016178E+00
 2.360000000000E+00   3.783696368444E+00
 2.370000000000E+00   3.802058638561E+00
 2.380000000000E+00   3.820421120593E+00
 2.390000000000E+00   3.838786991308E+00
 2.400000000000E+00   3.857158683722E+00
 2.410000000000E+00   3.875538187548E+00
 2.420000000000E+00   3.893925659697E+00
 2.430000000000E+00   3.912318756117E+00
 2.440000000000E+00   3.930713882429E+00
 2.450000000000E+00   3.949107149337E+00
 2.460000000000E+00   3.967495431235E+00
 2.470000000000E+00   3.985878857574E+00
 2.480000000000E+00   4.004260790164E+00
 2.490000000000E+00   4.022644414343E+00
 2.500000000000E+00   4.041032102915E+00
 2.510000000000E+00   4.059425924592E+00
 2.520000000000E+00   4.077826442568E+00
 2.530000000000E+00   4.096232124386E+00
 2.540000000000E+00   4.114640359287E+00
 2.550000000000E+00   4.133047914371E+00
 2.560000000000E+00   4.151451709089E+00
 2.570000000000E+00   4.169851433995E+00
 2.580000000000E+00   4.188249873524E+00
 2.590000000000E+00   4.206649715995E+00
 2.600000000000E+00   4.225052924860E+00
 2.610000000000E+00   4.243461275713E+00
 2.620000000000E+00   4.261875233289E+00
 2.630000000000E+00   4.280293578258E+00
 2.640000000000E+00   4.298714602071E+00
 2.650000000000E+00   4.317136316028E+00
 2.660000000000E+00   4.335556623650E+00
 2.670000000000E+00   4.353975317836E+00
 2.680000000000E+00   4.372394392208E+00
 2.690000000000E+00   4.390815568042E+00
 2.700000000000E+00   4.409240245838E+00
 2.710000000000E+00   4.427669970736E+00
 2.720000000000E+00   4.446105035091E+00
 2.730000000000E+00   4.464544066742E+00
 2.740000000000E+00   4.482985252164E+00
 2.750000000000E+00   4.501426501003E+00
 2.760000000000E+00   4.519865511898E+00
 2.770000000000E+00   4.538301593983E+00
 2.780000000000E+00   4.556736114120E+00
 2.790000000000E+00   4.575170421173E+00
 2.800000000000E+00   4.593606166004E+00
 2.810000000000E+00   4.612045830423E+00
 2.820000000000E+00   4.630490857153E+00
 2.830000000000E+00   4.648940698597E+00
 2.840000000000E+00   4.667393908221E+00
 2.850000000000E+00   4.685848469108E+00
 2.860000000000E+00   4.704302006983E+00
 2.870000000000E+00   4.722753608389E+00
 2.880000000000E+00   4.741204333109E+00
 2.890000000000E+00   4.759655235872E+00
 2.900000000000E+00   4.778107680855E+00
 2.910000000000E+00   4.796564099538E+00
 2.920000000000E+00   4.815026302786E+00
 2.930000000000E+00   4.833494238888E+00
 2.940000000000E+00   4.851966675578E+00
 2.950000000000E+00   4.870441488830E+00
 2.960000000000E+00   4.888916192492E+00
 2.970000000000E+00   4.907390063936E+00
 2.980000000000E+00   4.925864494108E+00
 2.990000000000E+00   4.944340540471E+00
 3.000000000000E+00   4.962819138333E+00
