 2.500000000000E-03   0.000000000000E+00
 7.500000000000E-03   0.000000000000E+00
 1.250000000000E-02   0.000000000000E+00
 1.750000000000E-02   0.000000000000E+00
 2.250000000000E-02   0.000000000000E+00
 2.750000000000E-02   0.000000000000E+00
 3.250000000000E-02   0.000000000000E+00
 3.750000000000E-02   0.000000000000E+00
 4.250000000000E-02   0.000000000000E+00
 4.750000000000E-02   0.000000000000E+00
 5.250000000000E-02   0.000000000000E+00
 5.750000000000E-02   0.000000000000E+00
 6.250000000000E-02   0.000000000000E+00
 6.750000000000E-02   0.000000000000E+00
 7.250000000000E-02   0.000000000000E+00
 7.750000000000E-02   0.000000000000E+00
 8.250000000000E-02   0.000000000000E+00
 8.750000000000E-02   0.000000000000E+00
 9.250000000000E-02   0.000000000000E+00
 9.750000000000E-02   0.000000000000E+00
 1.025000000000E-01   0.000000000000E+00
 1.075000000000E-01   0.000000000000E+00
 1.125000000000E-01   0.000000000000E+00
 1.175000000000E-01   0.000000000000E+00
 1.225000000000E-01   0.000000000000E+00
 1.275000000000E-01   0.000000000000E+00
 1.325000000000E-01   0.000000000000E+00
 1.375000000000E-01   0.000000000000E+00
 1.425000000000E-01   0.000000000000E+00
 1.475000000000E-01   0.000000000000E+00
 1.525000000000E-01   0.000000000000E+00
 1.575000000000E-01   0.000000000000E+00
 1.625000000000E-01   0.000000000000E+00
 1.675000000000E-01   0.000000000000E+00
 1.725000000000E-01   0.000000000000E+00
 1.775000000000E-01   0.000000000000E+00
 1.825000000000E-01   0.000000000000E+00
 1.875000000000E-01   0.000000000000E+00
 1.925000000000E-01   0.000000000000E+00
 1.975000000000E-01   0.000000000000E+00
 2.025000000000E-01   0.000000000000E+00
 2.075000000000E-01   0.000000000000E+00
 2.125000000000E-01   0.000000000000E+00
 2.175000000000E-01   0.000000000000E+00
 2.225000000000E-01   0.000000000000E+00
 2.275000000000E-01   0.000000000000E+00
 2.325000000000E-01   0.000000000000E+00
 2.375000000000E-01   0.000000000000E+00
 2.425000000000E-01   0.000000000000E+00
 2.475000000000E-01   0.000000000000E+00
 2.525000000000E-01   0.000000000000E+00
 2.575000000000E-01   0.000000000000E+00
 2.625000000000E-01   0.000000000000E+00
 2.675000000000E-01   0.000000000000E+00
 2.725000000000E-01   0.000000000000E+00
 2.775000000000E-01   0.000000000000E+00
 2.825000000000E-01   0.000000000000E+00
 2.875000000000E-01   0.000000000000E+00
 2.925000000000E-01   0.000000000000E+00
 2.975000000000E-01   0.000000000000E+00
 3.025000000000E-01   0.000000000000E+00
 3.075000000000E-01   0.000000000000E+00
 3.125000000000E-01   0.000000000000E+00
 3.175000000000E-01   0.000000000000E+00
 3.225000000000E-01   0.000000000000E+00
 3.275000000000E-01   0.000000000000E+00
 3.325000000000E-01   0.000000000000E+00
 3.375000000000E-01   0.000000000000E+00
 3.425000000000E-01   0.000000000000E+00
 3.475000000000E-01   0.000000000000E+00
 3.525000000000E-01   0.000000000000E+00
 3.575000000000E-01   0.000000000000E+00
 3.625000000000E-01   0.000000000000E+00
 3.675000000000E-01   0.000000000000E+00
 3.725000000000E-01   0.000000000000E+00
 3.775000000000E-01   0.000000000000E+00
 3.825000000000E-01   0.000000000000E+00
 3.875000000000E-01   0.000000000000E+00
 3.925000000000E-01   0.000000000000E+00
 3.975000000000E-01   0.000000000000E+00
 4.025000000000E-01   0.000000000000E+00
 4.075000000000E-01   0.000000000000E+00
 4.125000000000E-01   0.000000000000E+00
 4.175000000000E-01   0.000000000000E+00
 4.225000000000E-01   0.000000000000E+00
 4.275000000000E-01   0.000000000000E+00
 4.325000000000E-01   0.000000000000E+00
 4.375000000000E-01   0.000000000000E+00
 4.425000000000E-01   0.000000000000E+00
 4.475000000000E-01   0.000000000000E+00
 4.525000000000E-01   0.000000000000E+00
 4.575000000000E-01   0.000000000000E+00
 4.625000000000E-01   0.000000000000E+00
 4.675000000000E-01   0.000000000000E+00
 4.725000000000E-01   0.000000000000E+00
 4.775000000000E-01   0.000000000000E+00
 4.825000000000E-01   0.000000000000E+00
 4.875000000000E-01   0.000000000000E+00
 4.925000000000E-01   0.000000000000E+00
 4.975000000000E-01   0.000000000000E+00
 5.025000000000E-01   0.000000000000E+00
 5.075000000000E-01   0.000000000000E+00
 5.125000000000E-01   0.000000000000E+00
 5.175000000000E-01   0.000000000000E+00
 5.225000000000E-01   0.000000000000E+00
 5.275000000000E-01   0.000000000000E+00
 5.325000000000E-01   0.000000000000E+00
 5.375000000000E-01   0.000000000000E+00
 5.425000000000E-01   0.000000000000E+00
 5.475000000000E-01   0.000000000000E+00
 5.525000000000E-01   0.000000000000E+00
 5.575000000000E-01   0.000000000000E+00
 5.625000000000E-01   0.000000000000E+00
 5.675000000000E-01   0.000000000000E+00
 5.725000000000E-01   0.000000000000E+00
 5.775000000000E-01   0.000000000000E+00
 5.825000000000E-01   0.000000000000E+00
 5.875000000000E-01   0.000000000000E+00
 5.925000000000E-01   0.000000000000E+00
 5.975000000000E-01   0.000000000000E+00
 6.025000000000E-01   0.000000000000E+00
 6.075000000000E-01   0.000000000000E+00
 6.125000000000E-01   0.000000000000E+00
 6.175000000000E-01   0.000000000000E+00
 6.225000000000E-01   0.000000000000E+00
 6.275000000000E-01   0.000000000000E+00
 6.325000000000E-01   0.000000000000E+00
 6.375000000000E-01   0.000000000000E+00
 6.425000000000E-01   0.000000000000E+00
 6.475000000000E-01   0.000000000000E+00
 6.525000000000E-01   0.000000000000E+00
 6.575000000000E-01   0.000000000000E+00
 6.625000000000E-01   0.000000000000E+00
 6.675000000000E-01   0.000000000000E+00
 6.725000000000E-01   0.000000000000E+00
 6.775000000000E-01   0.000000000000E+00
 6.825000000000E-01   0.000000000000E+00
 6.875000000000E-01   0.000000000000E+00
 6.925000000000E-01   0.000000000000E+00
 6.975000000000E-01   0.000000000000E+00
 7.025000000000E-01   0.000000000000E+00
 7.075000000000E-01   0.000000000000E+00
 7.125000000000E-01   0.000000000000E+00
 7.175000000000E-01   0.000000000000E+00
 7.225000000000E-01   0.000000000000E+00
 7.275000000000E-01   0.000000000000E+00
 7.325000000000E-01   0.000000000000E+00
 7.375000000000E-01   0.000000000000E+00
 7.425000000000E-01   0.000000000000E+00
 7.475000000000E-01   0.000000000000E+00
 7.525000000000E-01   0.000000000000E+00
 7.575000000000E-01   0.000000000000E+00
 7.625000000000E-01   0.000000000000E+00
 7.675000000000E-01   0.000000000000E+00
 7.725000000000E-01   0.000000000000E+00
 7.775000000000E-01   0.000000000000E+00
 7.825000000000E-01   0.000000000000E+00
 7.875000000000E-01   0.000000000000E+00
 7.925000000000E-01   0.000000000000E+00
 7.975000000000E-01   0.000000000000E+00
 8.025000000000E-01   0.000000000000E+00
 8.075000000000E-01   0.000000000000E+00
 8.125000000000E-01   0.000000000000E+00
 8.175000000000E-01   0.000000000000E+00
 8.225000000000E-01   0.000000000000E+00
 8.275000000000E-01   0.000000000000E+00
 8.325000000000E-01   0.000000000000E+00
 8.375000000000E-01   0.000000000000E+00
 8.425000000000E-01   0.000000000000E+00
 8.475000000000E-01   0.000000000000E+00
 8.525000000000E-01   1.051166105433E-04
 8.575000000000E-01   3.463144607551E-05
 8.625000000000E-01   1.026932610659E-04
 8.675000000000E-01   2.368634142597E-04
 8.725000000000E-01   5.686656240785E-04
 8.775000000000E-01   1.322831963881E-03
 8.825000000000E-01   1.961827304984E-03
 8.875000000000E-01   4.073547523016E-03
 8.925000000000E-01   6.777326209226E-03
 8.975000000000E-01   1.169692756877E-02
 9.025000000000E-01   2.000896185545E-02
 9.075000000000E-01   2.863233290720E-02
 9.125000000000E-01   4.379416995112E-02
 9.175000000000E-01   6.161946490493E-02
 9.225000000000E-01   8.560993341203E-02
 9.275000000000E-01   1.104425625963E-01
 9.325000000000E-01   1.494986046757E-01
 9.375000000000E-01   1.910782837997E-01
 9.425000000000E-01   2.445548724141E-01
 9.475000000000E-01   3.007526277746E-01
 9.525000000000E-01   3.570230531700E-01
 9.575000000000E-01   4.257147714005E-01
 9.625000000000E-01   5.097860143743E-01
 9.675000000000E-01   5.888093877251E-01
 9.725000000000E-01   6.667771876710E-01
 9.775000000000E-01   7.607923032289E-01
 9.825000000000E-01   8.468757120015E-01
 9.875000000000E-01   9.418092601116E-01
 9.925000000000E-01   1.032258223506E+00
 9.975000000000E-01   1.111944692048E+00
 1.002500000000E+00   1.195188285175E+00
 1.007500000000E+00   1.273091113187E+00
 1.012500000000E+00   1.363385471679E+00
 1.017500000000E+00   1.420536748311E+00
 1.022500000000E+00   1.505345630512E+00
 1.027500000000E+00   1.563621093209E+00
 1.032500000000E+00   1.639355506597E+00
 1.037500000000E+00   1.680440810061E+00
 1.042500000000E+00   1.726779816650E+00
 1.047500000000E+00   1.781883614368E+00
 1.052500000000E+00   1.812739254726E+00
 1.057500000000E+00   1.858690452011E+00
 1.062500000000E+00   1.880442162986E+00
 1.067500000000E+00   1.899091245163E+00
 1.072500000000E+00   1.919946090669E+00
 1.077500000000E+00   1.924387413400E+00
 1.082500000000E+00   1.929621119064E+00
 1.087500000000E+00   1.945680197536E+00
 1.092500000000E+00   1.958804904243E+00
 1.097500000000E+00   1.951652891383E+00
 1.102500000000E+00   1.953306812910E+00
 1.107500000000E+00   1.944823729149E+00
 1.112500000000E+00   1.935796646620E+00
 1.117500000000E+00   1.940963654233E+00
 1.122500000000E+00   1.914636460070E+00
 1.127500000000E+00   1.900336999998E+00
 1.132500000000E+00   1.898504919478E+00
 1.137500000000E+00   1.876301567720E+00
 1.142500000000E+00   1.854237744724E+00
 1.147500000000E+00   1.841188941470E+00
 1.152500000000E+00   1.828660550245E+00
 1.157500000000E+00   1.798641612815E+00
 1.162500000000E+00   1.788215002306E+00
 1.167500000000E+00   1.767644172786E+00
 1.172500000000E+00   1.722648625424E+00
 1.177500000000E+00   1.707260252456E+00
 1.182500000000E+00   1.690540263835E+00
 1.187500000000E+00   1.664776938227E+00
 1.192500000000E+00   1.654248161071E+00
 1.197500000000E+00   1.619917099357E+00
 1.202500000000E+00   1.621847764067E+00
 1.207500000000E+00   1.596131410831E+00
 1.212500000000E+00   1.582925316770E+00
 1.217500000000E+00   1.551362756340E+00
 1.222500000000E+00   1.538477135378E+00
 1.227500000000E+00   1.517958479460E+00
 1.232500000000E+00   1.494502869329E+00
 1.237500000000E+00   1.477744669898E+00
 1.242500000000E+00   1.461966034155E+00
 1.247500000000E+00   1.447226882088E+00
 1.252500000000E+00   1.421654185964E+00
 1.257500000000E+00   1.410033099642E+00
 1.262500000000E+00   1.389588432484E+00
 1.267500000000E+00   1.362780473841E+00
 1.272500000000E+00   1.355803439273E+00
 1.277500000000E+00   1.337596846083E+00
 1.282500000000E+00   1.325113007576E+00
 1.287500000000E+00   1.308895807877E+00
 1.292500000000E+00   1.287432310061E+00
 1.297500000000E+00   1.275895422808E+00
 1.302500000000E+00   1.262260893993E+00
 1.307500000000E+00   1.245341443600E+00
 1.312500000000E+00   1.233639090355E+00
 1.317500000000E+00   1.226259201797E+00
 1.322500000000E+00   1.207802817860E+00
 1.327500000000E+00   1.196583023341E+00
 1.332500000000E+00   1.184091801648E+00
 1.337500000000E+00   1.171326526082E+00
 1.342500000000E+00   1.159396409921E+00
 1.347500000000E+00   1.157119275495E+00
 1.352500000000E+00   1.138083384325E+00
 1.357500000000E+00   1.127960216352E+00
 1.362500000000E+00   1.113153687150E+00
 1.367500000000E+00   1.106104265688E+00
 1.372500000000E+00   1.099154870882E+00
 1.377500000000E+00   1.092317305633E+00
 1.382500000000E+00   1.083937613146E+00
 1.387500000000E+00   1.072951737241E+00
 1.392500000000E+00   1.054714918045E+00
 1.397500000000E+00   1.050623502676E+00
 1.402500000000E+00   1.050861573013E+00
 1.407500000000E+00   1.039938069006E+00
 1.412500000000E+00   1.029882895886E+00
 1.417500000000E+00   1.027458799213E+00
 1.422500000000E+00   1.012395879054E+00
 1.427500000000E+00   1.006565863790E+00
 1.432500000000E+00   1.001363266862E+00
 1.437500000000E+00   9.992154365615E-01
 1.442500000000E+00   9.842846330729E-01
 1.447500000000E+00   9.797205866916E-01
 1.452500000000E+00   9.786721102094E-01
 1.457500000000E+00   9.670181344401E-01
 1.462500000000E+00   9.658700765759E-01
 1.467500000000E+00   9.568164083246E-01
 1.472500000000E+00   9.568006807617E-01
 1.477500000000E+00   9.530421158362E-01
 1.482500000000E+00   9.457321916861E-01
 1.487500000000E+00   9.403862753914E-01
 1.492500000000E+00   9.345990847661E-01
 1.497500000000E+00   9.339553506156E-01
 1.502500000000E+00   9.305133006460E-01
 1.507500000000E+00   9.198464364521E-01
 1.512500000000E+00   9.143536966138E-01
 1.517500000000E+00   9.104945720177E-01
 1.522500000000E+00   9.064685944697E-01
 1.527500000000E+00   9.027594923139E-01
 1.532500000000E+00   9.050103935854E-01
 1.537500000000E+00   9.026347293425E-01
 1.542500000000E+00   8.969743980614E-01
 1.547500000000E+00   8.868808974247E-01
 1.552500000000E+00   8.970780850234E-01
 1.557500000000E+00   8.887242377365E-01
 1.562500000000E+00   8.864770995460E-01
 1.567500000000E+00   8.896815675513E-01
 1.572500000000E+00   8.857114101920E-01
 1.577500000000E+00   8.834416034957E-01
 1.582500000000E+00   8.776746585193E-01
 1.587500000000E+00   8.749233271682E-01
 1.592500000000E+00   8.711147945742E-01
 1.597500000000E+00   8.634252197918E-01
 1.602500000000E+00   8.660380687679E-01
 1.607500000000E+00   8.654975629069E-01
 1.612500000000E+00   8.650352390167E-01
 1.617500000000E+00   8.640851604710E-01
 1.622500000000E+00   8.696597581890E-01
 1.627500000000E+00   8.624593502605E-01
 1.632500000000E+00   8.616752639752E-01
 1.637500000000E+00   8.565446212032E-01
 1.642500000000E+00   8.594363977254E-01
 1.647500000000E+00   8.590218385873E-01
 1.652500000000E+00   8.560134803715E-01
 1.657500000000E+00   8.607746143871E-01
 1.662500000000E+00   8.570789447687E-01
 1.667500000000E+00   8.522672864090E-01
 1.672500000000E+00   8.528506079510E-01
 1.677500000000E+00   8.539457503038E-01
 1.682500000000E+00   8.543291654098E-01
 1.687500000000E+00   8.577692216827E-01
 1.692500000000E+00   8.604692758289E-01
 1.697500000000E+00   8.620091792612E-01
 1.702500000000E+00   8.613988750457E-01
 1.707500000000E+00   8.590865096976E-01
 1.712500000000E+00   8.600078829222E-01
 1.717500000000E+00   8.629671945202E-01
 1.722500000000E+00   8.684610798374E-01
 1.727500000000E+00   8.724007779127E-01
 1.732500000000E+00   8.676100933030E-01
 1.737500000000E+00   8.718687107508E-01
 1.742500000000E+00   8.685832413158E-01
 1.747500000000E+00   8.739934344315E-01
 1.752500000000E+00   8.750412192574E-01
 1.757500000000E+00   8.774891984102E-01
 1.762500000000E+00   8.734603143756E-01
 1.767500000000E+00   8.801246658931E-01
 1.772500000000E+00   8.826392866183E-01
 1.777500000000E+00   8.837093316681E-01
 1.782500000000E+00   8.804817267316E-01
 1.787500000000E+00   8.821060576601E-01
 1.792500000000E+00   8.893652537165E-01
 1.797500000000E+00   8.949381037038E-01
 1.802500000000E+00   8.926761834361E-01
 1.807500000000E+00   9.001919555597E-01
 1.812500000000E+00   9.030767157534E-01
 1.817500000000E+00   9.020231678989E-01
 1.822500000000E+00   9.070472126498E-01
 1.827500000000E+00   9.057658078318E-01
 1.832500000000E+00   9.096490153978E-01
 1.837500000000E+00   9.156637741984E-01
 1.842500000000E+00   9.160866276488E-01
 1.847500000000E+00   9.148128722092E-01
 1.852500000000E+00   9.183107771181E-01
 1.857500000000E+00   9.161043968329E-01
 1.862500000000E+00   9.228055705684E-01
 1.867500000000E+00   9.239968440247E-01
 1.872500000000E+00   9.269488675647E-01
 1.877500000000E+00   9.316262694498E-01
 1.882500000000E+00   9.381092508912E-01
 1.887500000000E+00   9.411368431641E-01
 1.892500000000E+00   9.363268528379E-01
 1.897500000000E+00   9.427149151449E-01
 1.902500000000E+00   9.500220076876E-01
 1.907500000000E+00   9.526065629038E-01
 1.912500000000E+00   9.530207521645E-01
 1.917500000000E+00   9.558486238973E-01
 1.922500000000E+00   9.677425499320E-01
 1.927500000000E+00   9.661074275179E-01
 1.932500000000E+00   9.711585639451E-01
 1.937500000000E+00   9.668445242554E-01
 1.942500000000E+00   9.730224055014E-01
 1.947500000000E+00   9.774188079131E-01
 1.952500000000E+00   9.837146285396E-01
 1.957500000000E+00   9.838128244743E-01
 1.962500000000E+00   9.888693333398E-01
 1.967500000000E+00   9.957366012695E-01
 1.972500000000E+00   9.976783617678E-01
 1.977500000000E+00   9.996528958923E-01
 1.982500000000E+00   1.001996546494E+00
 1.987500000000E+00   1.006573166024E+00
 1.992500000000E+00   1.016588263960E+00
 1.997500000000E+00   1.011926554481E+00
 2.002500000000E+00   1.018868932602E+00
 2.007500000000E+00   1.021622512851E+00
 2.012500000000E+00   1.021978425365E+00
 2.017500000000E+00   1.023625816673E+00
 2.022500000000E+00   1.032876707979E+00
 2.027500000000E+00   1.033109877133E+00
 2.032500000000E+00   1.037526093511E+00
 2.037500000000E+00   1.039696728366E+00
 2.042500000000E+00   1.044012833825E+00
 2.047500000000E+00   1.045541022003E+00
 2.052500000000E+00   1.048619608649E+00
 2.057500000000E+00   1.052046954310E+00
 2.062500000000E+00   1.052812806033E+00
 2.067500000000E+00   1.050318185636E+00
 2.072500000000E+00   1.057836871901E+00
 2.077500000000E+00   1.058250001322E+00
 2.082500000000E+00   1.061359734896E+00
 2.087500000000E+00   1.060781107273E+00
 2.092500000000E+00   1.065127676412E+00
 2.097500000000E+00   1.063140706367E+00
 2.102500000000E+00   1.066356630652E+00
 2.107500000000E+00   1.062925341426E+00
 2.112500000000E+00   1.065551704238E+00
 2.117500000000E+00   1.069629407810E+00
 2.122500000000E+00   1.070808020890E+00
 2.127500000000E+00   1.071710580766E+00
 2.132500000000E+00   1.069261113264E+00
 2.137500000000E+00   1.069810203329E+00
 2.142500000000E+00   1.072167658212E+00
 2.147500000000E+00   1.072349161219E+00
 2.152500000000E+00   1.072979080714E+00
 2.157500000000E+00   1.068345303037E+00
 2.162500000000E+00   1.069520400771E+00
 2.167500000000E+00   1.073518944977E+00
 2.172500000000E+00   1.074356268601E+00
 2.177500000000E+00   1.064755607014E+00
 2.182500000000E+00   1.070943528951E+00
 2.187500000000E+00   1.067655191773E+00
 2.192500000000E+00   1.069333425632E+00
 2.197500000000E+00   1.066613785763E+00
 2.202500000000E+00   1.071262174781E+00
 2.207500000000E+00   1.075204349492E+00
 2.212500000000E+00   1.073840728343E+00
 2.217500000000E+00   1.070878270665E+00
 2.222500000000E+00   1.071519680891E+00
 2.227500000000E+00   1.071354186750E+00
 2.232500000000E+00   1.071409340237E+00
 2.237500000000E+00   1.063960976720E+00
 2.242500000000E+00   1.065799590737E+00
 2.247500000000E+00   1.068639750348E+00
 2.252500000000E+00   1.066530693659E+00
 2.257500000000E+00   1.064299902166E+00
 2.262500000000E+00   1.057750443215E+00
 2.267500000000E+00   1.059014231730E+00
 2.272500000000E+00   1.059152132207E+00
 2.277500000000E+00   1.055115493823E+00
 2.282500000000E+00   1.055312465709E+00
 2.287500000000E+00   1.049570224537E+00
 2.292500000000E+00   1.049614518134E+00
 2.297500000000E+00   1.056479608449E+00
 2.302500000000E+00   1.051122857022E+00
 2.307500000000E+00   1.047825568207E+00
 2.312500000000E+00   1.048027856136E+00
 2.317500000000E+00   1.044985056266E+00
 2.322500000000E+00   1.044441930793E+00
 2.327500000000E+00   1.039428177601E+00
 2.332500000000E+00   1.038927053846E+00
 2.337500000000E+00   1.037782206757E+00
 2.342500000000E+00   1.039227151412E+00
 2.347500000000E+00   1.038617176521E+00
 2.352500000000E+00   1.034740670111E+00
 2.357500000000E+00   1.034672242102E+00
 2.362500000000E+00   1.036374471359E+00
 2.367500000000E+00   1.032860250882E+00
 2.372500000000E+00   1.033913089187E+00
 2.377500000000E+00   1.032560271241E+00
 2.382500000000E+00   1.031774945746E+00
 2.387500000000E+00   1.025965796126E+00
 2.392500000000E+00   1.026571174769E+00
 2.397500000000E+00   1.023365907976E+00
 2.402500000000E+00   1.027546064519E+00
 2.407500000000E+00   1.018765909978E+00
 2.412500000000E+00   1.021215342120E+00
 2.417500000000E+00   1.020189273945E+00
 2.422500000000E+00   1.014003626245E+00
 2.427500000000E+00   1.014039792397E+00
 2.432500000000E+00   1.009591324650E+00
 2.437500000000E+00   1.008625290475E+00
 2.442500000000E+00   1.010241112863E+00
 2.447500000000E+00   1.008213445170E+00
 2.452500000000E+00   1.008116006104E+00
 2.457500000000E+00   1.000147225023E+00
 2.462500000000E+00   1.003707554065E+00
 2.467500000000E+00   1.002053029118E+00
 2.472500000000E+00   9.964672652265E-01
 2.477500000000E+00   1.000153404223E+00
 2.482500000000E+00   9.986491740931E-01
 2.487500000000E+00   9.994741545704E-01
 2.492500000000E+00   9.978128347881E-01
 2.497500000000E+00   9.959649150112E-01
 2.502500000000E+00   9.953965120781E-01
 2.507500000000E+00   9.948206680927E-01
 2.512500000000E+00   9.950563721165E-01
 2.517500000000E+00   9.899666523466E-01
 2.522500000000E+00   9.885752646051E-01
 2.527500000000E+00   9.906351791940E-01
 2.532500000000E+00   9.897171112223E-01
 2.537500000000E+00   9.932873121399E-01
 2.542500000000E+00   9.882420257139E-01
 2.547500000000E+00   9.911352004323E-01
 2.552500000000E+00   9.899411363034E-01
 2.557500000000E+00   9.908667346776E-01
 2.562500000000E+00   9.911183112850E-01
 2.567500000000E+00   9.887645121768E-01
 2.572500000000E+00   9.861944777163E-01
 2.577500000000E+00   9.849401558303E-01
 2.582500000000E+00   9.852650639633E-01
 2.587500000000E+00   9.847091143810E-01
 2.592500000000E+00   9.846085654931E-01
 2.597500000000E+00   9.849204326990E-01
 2.602500000000E+00   9.823201130121E-01
 2.607500000000E+00   9.827811835062E-01
 2.612500000000E+00   9.855410316861E-01
 2.617500000000E+00   9.843997576377E-01
 2.622500000000E+00   9.801720300559E-01
 2.627500000000E+00   9.848255082880E-01
 2.632500000000E+00   9.859531282734E-01
 2.637500000000E+00   9.837632448676E-01
 2.642500000000E+00   9.841027877118E-01
 2.647500000000E+00   9.842728973974E-01
 2.652500000000E+00   9.817129895361E-01
 2.657500000000E+00   9.840619445934E-01
 2.662500000000E+00   9.853589774220E-01
 2.667500000000E+00   9.806056104957E-01
 2.672500000000E+00   9.838958355392E-01
 2.677500000000E+00   9.814997783899E-01
 2.682500000000E+00   9.786829942735E-01
 2.687500000000E+00   9.801217526935E-01
 2.692500000000E+00   9.830078376910E-01
 2.697500000000E+00   9.853898653216E-01
 2.702500000000E+00   9.808230606533E-01
 2.707500000000E+00   9.854887710860E-01
 2.712500000000E+00   9.848042858304E-01
 2.717500000000E+00   9.819560977325E-01
 2.722500000000E+00   9.833514098299E-01
 2.727500000000E+00   9.816423286308E-01
 2.732500000000E+00   9.843250793694E-01
 2.737500000000E+00   9.815549879030E-01
 2.742500000000E+00   9.816357408080E-01
 2.747500000000E+00   9.823098656953E-01
 2.752500000000E+00   9.822936700858E-01
 2.757500000000E+00   9.832389797027E-01
 2.762500000000E+00   9.816517013546E-01
 2.767500000000E+00   9.815556475904E-01
 2.772500000000E+00   9.813876445073E-01
 2.777500000000E+00   9.843239325051E-01
 2.782500000000E+00   9.839634867580E-01
 2.787500000000E+00   9.809905958009E-01
 2.792500000000E+00   9.816182202982E-01
 2.797500000000E+00   9.793554218981E-01
 2.802500000000E+00   9.808894760475E-01
 2.807500000000E+00   9.837374592752E-01
 2.812500000000E+00   9.854000773738E-01
 2.817500000000E+00   9.848377165895E-01
 2.822500000000E+00   9.826717155955E-01
 2.827500000000E+00   9.827030854015E-01
 2.832500000000E+00   9.824329324505E-01
 2.837500000000E+00   9.856819103646E-01
 2.842500000000E+00   9.832888663031E-01
 2.847500000000E+00   9.845559137076E-01
 2.852500000000E+00   9.871318632533E-01
 2.857500000000E+00   9.852022610760E-01
 2.862500000000E+00   9.885819628531E-01
 2.867500000000E+00   9.870699220485E-01
 2.872500000000E+00   9.870838913927E-01
 2.877500000000E+00   9.961828473845E-01
 2.882500000000E+00   9.900144693594E-01
 2.887500000000E+00   9.922299057089E-01
 2.892500000000E+00   9.925066271698E-01
 2.897500000000E+00   9.933366626722E-01
 2.902500000000E+00   9.926346731947E-01
 2.907500000000E+00   9.887415902464E-01
 2.912500000000E+00   9.923653170119E-01
 2.917500000000E+00   9.943937557427E-01
 2.922500000000E+00   9.925713218242E-01
 2.927500000000E+00   9.935158620756E-01
 2.932500000000E+00   9.949397498127E-01
 2.937500000000E+00   9.954540103591E-01
 2.942500000000E+00   9.935179352126E-01
 2.947500000000E+00   9.986239252255E-01
 2.952500000000E+00   9.960069217482E-01
 2.957500000000E+00   9.961210685939E-01
 2.962500000000E+00   9.951407068366E-01
 2.967500000000E+00   9.948929000149E-01
 2.972500000000E+00   9.950647840460E-01
 2.977500000000E+00   9.981769285489E-01
 2.982500000000E+00   9.982195549698E-01
 2.987500000000E+00   9.961535348178E-01
 2.992500000000E+00   9.987706503525E-01
 2.997500000000E+00   9.977795852184E-01
 3.002500000000E+00   9.981143660360E-01
 3.007500000000E+00   1.001895812201E+00
 3.012500000000E+00   1.000031891808E+00
 3.017500000000E+00   9.997465573976E-01
 3.022500000000E+00   1.001394915304E+00
 3.027500000000E+00   1.003274203737E+00
 3.032500000000E+00   1.001477684322E+00
 3.037500000000E+00   9.993618683622E-01
 3.042500000000E+00   1.003523899375E+00
 3.047500000000E+00   9.998991474819E-01
 3.052500000000E+00   1.001646552415E+00
 3.057500000000E+00   1.001778200452E+00
 3.062500000000E+00   1.001675580113E+00
 3.067500000000E+00   1.008239256858E+00
 3.072500000000E+00   1.002996676495E+00
 3.077500000000E+00   1.002654757836E+00
 3.082500000000E+00   1.004906692248E+00
 3.087500000000E+00   1.005463873694E+00
 3.092500000000E+00   1.005186766893E+00
 3.097500000000E+00   1.008866126272E+00
 3.102500000000E+00   1.008505906516E+00
 3.107500000000E+00   1.008174424104E+00
 3.112500000000E+00   1.009403870347E+00
 3.117500000000E+00   1.005867286402E+00
 3.122500000000E+00   1.009875284727E+00
 3.127500000000E+00   1.013896789309E+00
 3.132500000000E+00   1.011589130247E+00
 3.137500000000E+00   1.009554879263E+00
 3.142500000000E+00   1.010341730916E+00
 3.147500000000E+00   1.011555467286E+00
 3.152500000000E+00   1.011805813535E+00
 3.157500000000E+00   1.010494000136E+00
 3.162500000000E+00   1.011484564736E+00
 3.167500000000E+00   1.009418137589E+00
 3.172500000000E+00   1.012624829313E+00
 3.177500000000E+00   1.008497197388E+00
 3.182500000000E+00   1.007666513738E+00
 3.187500000000E+00   1.011420167330E+00
 3.192500000000E+00   1.014135989152E+00
 3.197500000000E+00   1.011004177054E+00
 3.202500000000E+00   1.012177440225E+00
 3.207500000000E+00   1.010600931361E+00
 3.212500000000E+00   1.011121749396E+00
 3.217500000000E+00   1.009477191406E+00
 3.222500000000E+00   1.009159694390E+00
 3.227500000000E+00   1.009853826192E+00
 3.232500000000E+00   1.007202527572E+00
 3.237500000000E+00   1.006365481442E+00
 3.242500000000E+00   1.007425256245E+00
 3.247500000000E+00   1.008951825127E+00
 3.252500000000E+00   1.006210796401E+00
 3.257500000000E+00   1.008456570739E+00
 3.262500000000E+00   1.007501931672E+00
 3.267500000000E+00   1.007743349886E+00
 3.272500000000E+00   1.007234329260E+00
 3.277500000000E+00   1.008551438987E+00
 3.282500000000E+00   1.005334741004E+00
 3.287500000000E+00   1.004003738592E+00
 3.292500000000E+00   1.003991634680E+00
 3.297500000000E+00   1.007225560122E+00
 3.302500000000E+00   1.006382056353E+00
 3.307500000000E+00   1.005238763178E+00
 3.312500000000E+00   1.006676134481E+00
 3.317500000000E+00   1.002804085135E+00
 3.322500000000E+00   1.006286392528E+00
 3.327500000000E+00   1.007171998416E+00
 3.332500000000E+00   1.006793504304E+00
 3.337500000000E+00   1.005416010871E+00
 3.342500000000E+00   1.004979030859E+00
 3.347500000000E+00   1.003728900419E+00
 3.352500000000E+00   1.004190089495E+00
 3.357500000000E+00   1.003250304851E+00
 3.362500000000E+00   1.004822917163E+00
 3.367500000000E+00   1.007181192650E+00
 3.372500000000E+00   1.006113458939E+00
 3.377500000000E+00   1.004297581416E+00
 3.382500000000E+00   1.006919382246E+00
 3.387500000000E+00   1.004088925505E+00
 3.392500000000E+00   1.005859673639E+00
 3.397500000000E+00   1.006850146785E+00
 3.402500000000E+00   1.003631421011E+00
 3.407500000000E+00   1.005210497476E+00
 3.412500000000E+00   1.003865482202E+00
 3.417500000000E+00   1.002101044368E+00
 3.422500000000E+00   1.002668770369E+00
 3.427500000000E+00   1.005996984182E+00
 3.432500000000E+00   1.003003480052E+00
 3.437500000000E+00   1.005197365786E+00
 3.442500000000E+00   1.004834424045E+00
 3.447500000000E+00   1.003764457757E+00
 3.452500000000E+00   1.001463795512E+00
 3.457500000000E+00   1.003036374355E+00
 3.462500000000E+00   1.000496323366E+00
 3.467500000000E+00   1.002482121247E+00
 3.472500000000E+00   1.002990966653E+00
 3.477500000000E+00   1.002248247530E+00
 3.482500000000E+00   1.000682572268E+00
 3.487500000000E+00   1.001629985329E+00
 3.492500000000E+00   9.990480198188E-01
 3.497500000000E+00   1.002195229108E+00
 3.502500000000E+00   1.000514950503E+00
 3.507500000000E+00   9.982005808083E-01
 3.512500000000E+00   1.000153334193E+00
 3.517500000000E+00   1.000376540103E+00
 3.522500000000E+00   9.996976000217E-01
 3.527500000000E+00   9.995648951331E-01
 3.532500000000E+00   9.998554382865E-01
 3.537500000000E+00   9.992124230359E-01
 3.542500000000E+00   9.993279646912E-01
 3.547500000000E+00   9.965938967178E-01
 3.552500000000E+00   9.972046086902E-01
 3.557500000000E+00   1.000345214381E+00
 3.562500000000E+00   9.972582945273E-01
 3.567500000000E+00   9.986306019360E-01
 3.572500000000E+00   9.987881942990E-01
 3.577500000000E+00   9.978267904547E-01
 3.582500000000E+00   9.946208366557E-01
 3.587500000000E+00   9.966167347329E-01
 3.592500000000E+00   9.952532913311E-01
 3.597500000000E+00   9.970240356080E-01
 3.602500000000E+00   9.949294224673E-01
 3.607500000000E+00   9.956426410759E-01
 3.612500000000E+00   9.955227014096E-01
 3.617500000000E+00   9.958393961327E-01
 3.622500000000E+00   9.959603771801E-01
 3.627500000000E+00   9.952389673824E-01
 3.632500000000E+00   9.972639625539E-01
 3.637500000000E+00   9.954056818485E-01
 3.642500000000E+00   9.982944890998E-01
 3.647500000000E+00   9.958235739867E-01
 3.652500000000E+00   9.957560687143E-01
 3.657500000000E+00   9.952454830334E-01
 3.662500000000E+00   9.956110268274E-01
 3.667500000000E+00   9.953480113727E-01
 3.672500000000E+00   9.955188788715E-01
 3.677500000000E+00   9.959543971193E-01
 3.682500000000E+00   9.953172778845E-01
 3.687500000000E+00   9.936892735954E-01
 3.692500000000E+00   9.964498416104E-01
 3.697500000000E+00   9.950121397779E-01
 3.702500000000E+00   9.972807416847E-01
 3.707500000000E+00   9.964285650456E-01
 3.712500000000E+00   9.978720730993E-01
 3.717500000000E+00   9.960114358056E-01
 3.722500000000E+00   9.970864548612E-01
 3.727500000000E+00   9.981612892697E-01
 3.732500000000E+00   9.948472624689E-01
 3.737500000000E+00   9.980717663943E-01
 3.742500000000E+00   9.963302817925E-01
 3.747500000000E+00   9.952309810707E-01
 3.752500000000E+00   9.972933026754E-01
 3.757500000000E+00   9.957086641720E-01
 3.762500000000E+00   9.982590052953E-01
 3.767500000000E+00   9.978518681971E-01
 3.772500000000E+00   9.977851359972E-01
 3.777500000000E+00   9.959735300676E-01
 3.782500000000E+00   9.952715135965E-01
 3.787500000000E+00   9.958762397653E-01
 3.792500000000E+00   9.945108665112E-01
 3.797500000000E+00   9.965113327850E-01
 3.802500000000E+00   9.959934594332E-01
 3.807500000000E+00   9.963601682437E-01
 3.812500000000E+00   9.962309839811E-01
 3.817500000000E+00   9.986624322212E-01
 3.822500000000E+00   9.986674793539E-01
 3.827500000000E+00   9.999241007026E-01
 3.832500000000E+00   9.985996814123E-01
 3.837500000000E+00   9.970902831785E-01
 3.842500000000E+00   1.000229958074E+00
 3.847500000000E+00   9.991973555326E-01
 3.852500000000E+00   9.976863297216E-01
 3.857500000000E+00   9.980348334936E-01
 3.862500000000E+00   9.965740176974E-01
 3.867500000000E+00   9.965542995959E-01
 3.872500000000E+00   9.938500980424E-01
 3.877500000000E+00   9.979296271280E-01
 3.882500000000E+00   9.957748434765E-01
 3.887500000000E+00   9.984671494660E-01
 3.892500000000E+00   9.972196579258E-01
 3.897500000000E+00   1.000905457926E+00
 3.902500000000E+00   9.975079586512E-01
 3.907500000000E+00   9.989494846377E-01
 3.912500000000E+00   9.990029831988E-01
 3.917500000000E+00   1.000805163452E+00
 3.922500000000E+00   9.981080422824E-01
 3.927500000000E+00   9.972125753391E-01
 3.932500000000E+00   9.982433721930E-01
 3.937500000000E+00   9.971945588630E-01
 3.942500000000E+00   9.985954898926E-01
 3.947500000000E+00   9.986935037908E-01
 3.952500000000E+00   9.984846399078E-01
 3.957500000000E+00   9.998426519020E-01
 3.962500000000E+00   9.976242615271E-01
 3.967500000000E+00   1.000336625062E+00
 3.972500000000E+00   9.987656614853E-01
 3.977500000000E+00   1.000330115053E+00
 3.982500000000E+00   9.984621045709E-01
 3.987500000000E+00   1.001457792493E+00
 3.992500000000E+00   1.001155613267E+00
 3.997500000000E+00   1.000144279472E+00
 4.002500000000E+00   9.999678016314E-01
 4.007500000000E+00   1.000894251785E+00
 4.012500000000E+00   9.989834124124E-01
 4.017500000000E+00   9.990984530515E-01
 4.022500000000E+00   1.000264277208E+00
 4.027500000000E+00   1.002088438795E+00
 4.032500000000E+00   1.000342534747E+00
 4.037500000000E+00   1.000058097994E+00
 4.042500000000E+00   9.984490439370E-01
 4.047500000000E+00   9.990179525580E-01
 4.052500000000E+00   9.987592082997E-01
 4.057500000000E+00   1.001482405089E+00
 4.062500000000E+00   1.000870281198E+00
 4.067500000000E+00   1.000416672571E+00
 4.072500000000E+00   1.000946455994E+00
 4.077500000000E+00   9.998578339367E-01
 4.082500000000E+00   9.998654970321E-01
 4.087500000000E+00   9.985791848486E-01
 4.092500000000E+00   1.000125665910E+00
 4.097500000000E+00   1.000059985115E+00
 4.102500000000E+00   1.001484997746E+00
 4.107500000000E+00   1.000787046803E+00
 4.112500000000E+00   1.000226542810E+00
 4.117500000000E+00   9.983155011408E-01
 4.122500000000E+00   9.977952752240E-01
 4.127500000000E+00   1.000572036854E+00
 4.132500000000E+00   9.990066901333E-01
 4.137500000000E+00   9.997843711381E-01
 4.142500000000E+00   9.983740037576E-01
 4.147500000000E+00   9.988860735255E-01
 4.152500000000E+00   1.000704179159E+00
 4.157500000000E+00   1.001720994056E+00
 4.162500000000E+00   1.000582792576E+00
 4.167500000000E+00   9.985234695861E-01
 4.172500000000E+00   9.991171142156E-01
 4.177500000000E+00   9.987055232558E-01
 4.182500000000E+00   9.999059453539E-01
 4.187500000000E+00   9.994335533024E-01
 4.192500000000E+00   9.985983811749E-01
 4.197500000000E+00   9.980548555540E-01
 4.202500000000E+00   9.984324397195E-01
 4.207500000000E+00   9.984184708442E-01
 4.212500000000E+00   9.975249531711E-01
 4.217500000000E+00   9.984839573425E-01
 4.222500000000E+00   9.984244315683E-01
 4.227500000000E+00   9.998941205157E-01
 4.232500000000E+00   9.999581714383E-01
 4.237500000000E+00   9.983712515053E-01
 4.242500000000E+00   9.989168960006E-01
 4.247500000000E+00   9.996703386203E-01
 4.252500000000E+00   9.997978883115E-01
 4.257500000000E+00   9.997029246648E-01
 4.262500000000E+00   1.001794889569E+00
 4.267500000000E+00   1.001992231419E+00
 4.272500000000E+00   9.999287871182E-01
 4.277500000000E+00   1.000902078313E+00
 4.282500000000E+00   1.001161355027E+00
 4.287500000000E+00   9.996255573200E-01
 4.292500000000E+00   9.983927142436E-01
 4.297500000000E+00   1.000928462686E+00
 4.302500000000E+00   9.972002948155E-01
 4.307500000000E+00   1.000232212193E+00
 4.312500000000E+00   9.987904961611E-01
 4.317500000000E+00   1.002056177039E+00
 4.322500000000E+00   1.000984993189E+00
 4.327500000000E+00   9.969558592651E-01
 4.332500000000E+00   1.001051253457E+00
 4.337500000000E+00   1.000464994482E+00
 4.342500000000E+00   1.002722708963E+00
 4.347500000000E+00   1.002058598763E+00
 4.352500000000E+00   1.002034729089E+00
 4.357500000000E+00   9.990806811958E-01
 4.362500000000E+00   1.000623984923E+00
 4.367500000000E+00   9.997306159298E-01
 4.372500000000E+00   1.002524156119E+00
 4.377500000000E+00   1.002527617694E+00
 4.382500000000E+00   1.000274499128E+00
 4.387500000000E+00   1.001902303439E+00
 4.392500000000E+00   1.000483189483E+00
 4.397500000000E+00   1.001351311712E+00
 4.402500000000E+00   1.002201086924E+00
 4.407500000000E+00   9.986150440345E-01
 4.412500000000E+00   1.000565884258E+00
 4.417500000000E+00   9.999907398980E-01
 4.422500000000E+00   9.998570084740E-01
 4.427500000000E+00   9.983300570300E-01
 4.432500000000E+00   9.998312765822E-01
 4.437500000000E+00   1.001708570455E+00
 4.442500000000E+00   9.999478971742E-01
 4.447500000000E+00   9.994246315603E-01
 4.452500000000E+00   9.995986735486E-01
 4.457500000000E+00   9.985570128989E-01
 4.462500000000E+00   9.978371943411E-01
 4.467500000000E+00   1.000120248232E+00
 4.472500000000E+00   9.980864826591E-01
 4.477500000000E+00   9.986327081509E-01
 4.482500000000E+00   9.976151632429E-01
 4.487500000000E+00   9.990174638562E-01
 4.492500000000E+00   9.969703359595E-01
 4.497500000000E+00   9.987695393493E-01
 4.502500000000E+00   9.989743234592E-01
 4.507500000000E+00   1.000546894547E+00
 4.512500000000E+00   9.988885959275E-01
 4.517500000000E+00   9.974136184200E-01
 4.522500000000E+00   1.000685071387E+00
 4.527500000000E+00   1.000023948388E+00
 4.532500000000E+00   9.999694460162E-01
 4.537500000000E+00   9.999956221886E-01
 4.542500000000E+00   1.001576693748E+00
 4.547500000000E+00   1.000094557335E+00
 4.552500000000E+00   9.980279727533E-01
 4.557500000000E+00   9.984555771810E-01
 4.562500000000E+00   9.979394136916E-01
 4.567500000000E+00   1.000947066170E+00
 4.572500000000E+00   9.988140127537E-01
 4.577500000000E+00   9.992144934104E-01
 4.582500000000E+00   9.997830451064E-01
 4.587500000000E+00   9.974318383855E-01
 4.592500000000E+00   9.997513728149E-01
 4.597500000000E+00   9.986622752750E-01
 4.602500000000E+00   9.981633909831E-01
 4.607500000000E+00   9.995379773317E-01
 4.612500000000E+00   9.990526162276E-01
 4.617500000000E+00   1.001622121927E+00
 4.622500000000E+00   9.987843046604E-01
 4.627500000000E+00   1.000481232992E+00
 4.632500000000E+00   9.985908728765E-01
 4.637500000000E+00   9.990223483062E-01
 4.642500000000E+00   9.969330397048E-01
 4.647500000000E+00   9.979310428632E-01
 4.652500000000E+00   9.989259846105E-01
 4.657500000000E+00   9.989540986573E-01
 4.662500000000E+00   9.972215347034E-01
 4.667500000000E+00   9.991585494100E-01
 4.672500000000E+00   9.988513687582E-01
 4.677500000000E+00   9.985955925868E-01
 4.682500000000E+00   9.986731157743E-01
 4.687500000000E+00   9.979993667044E-01
 4.692500000000E+00   1.000017307973E+00
 4.697500000000E+00   9.985150813661E-01
 4.702500000000E+00   9.972749263177E-01
 4.707500000000E+00   9.979016314378E-01
 4.712500000000E+00   9.963160987298E-01
 4.717500000000E+00   9.967797951725E-01
 4.722500000000E+00   9.959992829661E-01
 4.727500000000E+00   9.940337234747E-01
 4.732500000000E+00   9.966745273537E-01
 4.737500000000E+00   9.971122019244E-01
 4.742500000000E+00   9.969763164822E-01
 4.747500000000E+00   9.980838553258E-01
 4.752500000000E+00   9.960118951341E-01
 4.757500000000E+00   9.976794432992E-01
 4.762500000000E+00   9.951657822224E-01
 4.767500000000E+00   9.976673671256E-01
 4.772500000000E+00   9.987900734585E-01
 4.777500000000E+00   9.978720166374E-01
 4.782500000000E+00   9.989240092040E-01
 4.787500000000E+00   9.995039144264E-01
 4.792500000000E+00   9.963229352319E-01
 4.797500000000E+00   9.970929105109E-01
 4.802500000000E+00   9.974920664839E-01
 4.807500000000E+00   9.977144235911E-01
 4.812500000000E+00   9.967748216745E-01
 4.817500000000E+00   9.965797919663E-01
 4.822500000000E+00   9.988415978612E-01
 4.827500000000E+00   9.975614304193E-01
 4.832500000000E+00   9.957959088080E-01
 4.837500000000E+00   9.979692982931E-01
 4.842500000000E+00   9.977610131979E-01
 4.847500000000E+00   9.983566440239E-01
 4.852500000000E+00   9.976726654750E-01
 4.857500000000E+00   9.969375829757E-01
 4.862500000000E+00   9.962314149408E-01
 4.867500000000E+00   9.972618470647E-01
 4.872500000000E+00   9.998197666878E-01
 4.877500000000E+00   9.994686085398E-01
 4.882500000000E+00   9.988443981678E-01
 4.887500000000E+00   9.993047940767E-01
 4.892500000000E+00   9.991271707642E-01
 4.897500000000E+00   9.984332774050E-01
 4.902500000000E+00   9.993897912050E-01
 4.907500000000E+00   1.000672344395E+00
 4.912500000000E+00   9.991766517668E-01
 4.917500000000E+00   1.001678157309E+00
 4.922500000000E+00   1.000251724050E+00
 4.927500000000E+00   1.000593072560E+00
 4.932500000000E+00   1.000314498950E+00
 4.937500000000E+00   9.987052991773E-01
 4.942500000000E+00   1.000498880735E+00
 4.947500000000E+00   9.973041864860E-01
 4.952500000000E+00   9.996966491794E-01
 4.957500000000E+00   1.001256820211E+00
 4.962500000000E+00   9.995142125147E-01
 4.967500000000E+00   9.989354835014E-01
 4.972500000000E+00   9.986104125734E-01
 4.977500000000E+00   9.965301405131E-01
 4.982500000000E+00   9.973621793986E-01
 4.987500000000E+00   9.997745973827E-01
 4.992500000000E+00   9.990531800373E-01
 4.997500000000E+00   1.000041514690E+00
