 1.000000000000E-02   0.000000000000E+00
 2.000000000000E-02   4.375419597705E-04
 3.000000000000E-02   1.743721854115E-03
 4.000000000000E-02   3.900666543968E-03
 5.000000000000E-02   6.880954065901E-03
 6.000000000000E-02   1.064982329979E-02
 7.000000000000E-02   1.516750352781E-02
 8.000000000000E-02   2.039127773935E-02
 9.000000000000E-02   2.627714146493E-02
 1.000000000000E-01   3.278052022021E-02
 1.100000000000E-01   3.985684939151E-02
 1.200000000000E-01   4.746310590229E-02
 1.300000000000E-01   5.555953111785E-02
 1.400000000000E-01   6.411022170078E-02
 1.500000000000E-01   7.308291178734E-02
 1.600000000000E-01   8.244864809600E-02
 1.700000000000E-01   9.218136072471E-02
 1.800000000000E-01   1.022573766265E-01
 1.900000000000E-01   1.126551613803E-01
 2.000000000000E-01   1.233543429504E-01
 2.100000000000E-01   1.343347677392E-01
 2.200000000000E-01   1.455771388278E-01
 2.300000000000E-01   1.570644086807E-01
 2.400000000000E-01   1.687821942822E-01
 2.500000000000E-01   1.807186474068E-01
 2.600000000000E-01   1.928641346076E-01
 2.700000000000E-01   2.052104980272E-01
 2.800000000000E-01   2.177503590554E-01
 2.900000000000E-01   2.304769241020E-01
 3.000000000000E-01   2.433830234794E-01
 3.100000000000E-01   2.564600613040E-01
 3.200000000000E-01   2.696986819828E-01
 3.300000000000E-01   2.830903368038E-01
 3.400000000000E-01   2.966279811418E-01
 3.500000000000E-01   3.103065310693E-01
 3.600000000000E-01   3.241227622267E-01
 3.700000000000E-01   3.380742910224E-01
 3.800000000000E-01   3.521587753521E-01
 3.900000000000E-01   3.663739617673E-01
 4.000000000000E-01   3.807167404956E-01
 4.100000000000E-01   3.951818482916E-01
 4.200000000000E-01   4.097626371283E-01
 4.300000000000E-01   4.244530093444E-01
 4.400000000000E-01   4.392483123257E-01
 4.500000000000E-01   4.541459315442E-01
 4.600000000000E-01   4.691449854382E-01
 4.700000000000E-01   4.842449499795E-01
 4.800000000000E-01   4.994448272857E-01
 4.900000000000E-01   5.147434065635E-01
 5.000000000000E-01   5.301383996059E-01
 5.100000000000E-01   5.456250597547E-01
 5.200000000000E-01   5.611971692876E-01
 5.300000000000E-01   5.768494190716E-01
 5.400000000000E-01   5.925784212708E-01
 5.500000000000E-01   6.083831642758E-01
 5.600000000000E-01   6.242642658981E-01
 5.700000000000E-01   6.402222515572E-01
 5.800000000000E-01   6.562566985693E-01
 5.900000000000E-01   6.723665980385E-01
 6.000000000000E-01   6.885495989745E-01
 6.100000000000E-01   7.048006965528E-01
 6.200000000000E-01   7.211134908386E-01
 6.300000000000E-01   7.374830315491E-01
 6.400000000000E-01   7.539069525512E-01
 6.500000000000E-01   7.703855866843E-01
 6.600000000000E-01   7.869207451120E-01
 6.700000000000E-01   8.035139175545E-01
 6.800000000000E-01   8.201654248135E-01
 6.900000000000E-01   8.368747076697E-01
 7.000000000000E-01   8.536397282407E-01
 7.100000000000E-01   8.704558863803E-01
 7.200000000000E-01   8.873173566090E-01
 7.300000000000E-01   9.042200037522E-01
 7.400000000000E-01   9.211625101707E-01
 7.500000000000E-01   9.381463038557E-01
 7.600000000000E-01   9.551741190654E-01
 7.700000000000E-01   9.722482329434E-01
 7.800000000000E-01   9.893695761931E-01
 7.900000000000E-01   1.006537760122E+00
 8.000000000000E-01   1.023750533185E+00
 8.100000000000E-01   1.041003006553E+00
 8.200000000000E-01   1.058289183412E+00
 8.300000000000E-01   1.075604969989E+00
 8.400000000000E-01   1.092949347323E+00
 8.500000000000E-01   1.110324336334E+00
 8.600000000000E-01   1.127733432705E+00
 8.700000000000E-01   1.145179621448E+00
 8.800000000000E-01   1.162664324706E+00
 8.900000000000E-01   1.180187228059E+00
 9.000000000000E-01   1.197745782275E+00
 9.100000000000E-01   1.215334715370E+00
 9.200000000000E-01   1.232947768171E+00
 9.300000000000E-01   1.250580739162E+00
 9.400000000000E-01   1.268232702573E+00
 9.500000000000E-01   1.285906124293E+00
 9.600000000000E-01   1.303605355432E+00
 9.700000000000E-01   1.321334427778E+00
 9.800000000000E-01   1.339095480792E+00
 9.900000000000E-01   1.356888208026E+00
 1.000000000000E+00   1.374709549016E+00
 1.010000000000E+00   1.392553634458E+00
 1.020000000000E+00   1.410413815872E+00
 1.030000000000E+00   1.428285874128E+00
 1.040000000000E+00   1.446169235137E+00
 1.050000000000E+00   1.464066921552E+00
 1.060000000000E+00   1.481983959356E+00
 1.070000000000E+00   1.499925192031E+00
 1.080000000000E+00   1.517893630485E+00
 1.090000000000E+00   1.535889619903E+00
 1.100000000000E+00   1.553910131332E+00
 1.110000000000E+00   1.571948713483E+00
 1.120000000000E+00   1.589998120087E+00
 1.130000000000E+00   1.608053979140E+00
 1.140000000000E+00   1.626115945201E+00
 1.150000000000E+00   1.644187354327E+00
 1.160000000000E+00   1.662273467197E+00
 1.170000000000E+00   1.680379218782E+00
 1.180000000000E+00   1.698507604491E+00
 1.190000000000E+00   1.716659060647E+00
 1.200000000000E+00   1.734830960475E+00
 1.210000000000E+00   1.753017543271E+00
 1.220000000000E+00   1.771212375886E+00
 1.230000000000E+00   1.789411763995E+00
 1.240000000000E+00   1.807615805659E+00
 1.250000000000E+00   1.825828266402E+00
 1.260000000000E+00   1.844054932869E+00
 1.270000000000E+00   1.862301198197E+00
 1.280000000000E+00   1.880570197677E+00
 1.290000000000E+00   1.898862144686E+00
 1.300000000000E+00   1.917173971160E+00
 1.310000000000E+00   1.935499442685E+00
 1.320000000000E+00   1.953831809319E+00
 1.330000000000E+00   1.972167309516E+00
 1.340000000000E+00   1.990506160239E+00
 1.350000000000E+00   2.008852464841E+00
 1.360000000000E+00   2.027212581205E+00
 1.370000000000E+00   2.045592512354E+00
 1.380000000000E+00   2.063995721256E+00
 1.390000000000E+00   2.082422282050E+00
 1.400000000000E+00   2.100868697808E+00
 1.410000000000E+00   2.119328344117E+00
 1.420000000000E+00   2.137794166986E+00
 1.430000000000E+00   2.156262104410E+00
 1.440000000000E+00   2.174732108689E+00
 1.450000000000E+00   2.193208238123E+00
 1.460000000000E+00   2.211697000618E+00
 1.470000000000E+00   2.230204511998E+00
 1.480000000000E+00   2.248734193163E+00
 1.490000000000E+00   2.267285932865E+00
 1.500000000000E+00   2.285856133858E+00
 1.510000000000E+00   2.304438452282E+00
 1.520000000000E+00   2.323026382349E+00
 1.530000000000E+00   2.341616112885E+00
 1.540000000000E+00   2.360207146322E+00
 1.550000000000E+00   2.378802761842E+00
 1.560000000000E+00   2.397408991615E+00
 1.570000000000E+00   2.416031805215E+00
 1.580000000000E+00   2.434674337891E+00
 1.590000000000E+00   2.453335716219E+00
 1.600000000000E+00   2.472011513748E+00
 1.610000000000E+00   2.490695251854E+00
 1.620000000000E+00   2.509381302442E+00
 1.630000000000E+00   2.528067217894E+00
 1.640000000000E+00   2.546753283274E+00
 1.650000000000E+00   2.565442710119E+00
 1.660000000000E+00   2.584141285354E+00
 1.670000000000E+00   2.602855012706E+00
 1.680000000000E+00   2.621587167790E+00
 1.690000000000E+00   2.640336764976E+00
 1.700000000000E+00   2.659099039256E+00
 1.710000000000E+00   2.677867217040E+00
 1.720000000000E+00   2.696635755923E+00
 1.730000000000E+00   2.715402752986E+00
 1.740000000000E+00   2.734169024063E+00
 1.750000000000E+00   2.752937922897E+00
 1.760000000000E+00   2.771715081368E+00
 1.770000000000E+00   2.790506314955E+00
 1.780000000000E+00   2.809314682631E+00
 1.790000000000E+00   2.828138762068E+00
 1.800000000000E+00   2.846973322900E+00
 1.810000000000E+00   2.865811525725E+00
 1.820000000000E+00   2.884648391593E+00
 1.830000000000E+00   2.903483013184E+00
 1.840000000000E+00   2.922317243287E+00
 1.850000000000E+00   2.941155349677E+00
 1.860000000000E+00   2.960003722324E+00
 1.870000000000E+00   2.978868720793E+00
 1.880000000000E+00   2.997753512964E+00
 1.890000000000E+00   3.016656131659E+00
 1.900000000000E+00   3.035570452855E+00
 1.910000000000E+00   3.054489003680E+00
 1.920000000000E+00   3.073406800081E+00
 1.930000000000E+00   3.092323375975E+00
 1.940000000000E+00   3.111240980920E+00
 1.950000000000E+00   3.130164160262E+00
 1.960000000000E+00   3.149099596712E+00
 1.970000000000E+00   3.168053980997E+00
 1.980000000000E+00   3.187030663719E+00
 1.990000000000E+00   3.206027391644E+00
 2.000000000000E+00   3.225037300691E+00
 2.010000000000E+00   3.244052036236E+00
 2.020000000000E+00   3.263065950138E+00
 2.030000000000E+00   3.282078267271E+00
 2.040000000000E+00   3.301090992458E+00
 2.050000000000E+00   3.320108344003E+00
 2.060000000000E+00   3.339136570600E+00
 2.070000000000E+00   3.358182014712E+00
 2.080000000000E+00   3.377248078788E+00
 2.090000000000E+00   3.396332879234E+00
 2.100000000000E+00   3.415429931333E+00
 2.110000000000E+00   3.434531151276E+00
 2.120000000000E+00   3.453631192297E+00
 2.130000000000E+00   3.472729549098E+00
 2.140000000000E+00   3.491828122968E+00
 2.150000000000E+00   3.510930565875E+00
 2.160000000000E+00   3.530042357421E+00
 2.170000000000E+00   3.549169333969E+00
 2.180000000000E+00   3.568314886299E+00
 2.190000000000E+00   3.587477414574E+00
 2.200000000000E+00   3.606650773956E+00
 2.210000000000E+00   3.625827176619E+00
 2.220000000000E+00   3.645001679054E+00
 2.230000000000E+00   3.664174291356E+00
 2.240000000000E+00   3.683347119129E+00
 2.250000000000E+00   3.702523552450E+00
 2.260000000000E+00   3.721708630470E+00
 2.270000000000E+00   3.740907943567E+00
 2.280000000000E+00   3.760124964161E+00
 2.290000000000E+00   3.779358351629E+00
 2.300000000000E+00   3.798602241657E+00
 2.310000000000E+00   3.817849051801E+00
 2.320000000000E+00   3.837093975019E+00
 2.330000000000E+00   3.856337149641E+00
 2.340000000000E+00   3.875580597939E+00
 2.350000000000E+00   3.894827288050E+00
 2.360000000000E+00   3.914081823230E+00
 2.370000000000E+00   3.933349690399E+00
 2.380000000000E+00   3.952634522062E+00
 2.390000000000E+00   3.971935136869E+00
 2.400000000000E+00   3.991245677656E+00
 2.410000000000E+00   4.010558417002E+00
 2.420000000000E+00   4.029868441390E+00
 2.430000000000E+00   4.049176107461E+00
 2.440000000000E+00   4.068483866392E+00
 2.450000000000E+00   4.087794841574E+00
 2.460000000000E+00   4.107113357863E+00
 2.470000000000E+00   4.126444511077E+00
 2.480000000000E+00   4.145791713707E+00
 2.490000000000E+00   4.165153893369E+00
 2.500000000000E+00   4.184525513936E+00
 2.510000000000E+00   4.203899103763E+00
 2.520000000000E+00   4.223269854464E+00
 2.530000000000E+00   4.242638144718E+00
 2.540000000000E+00   4.262006400892E+00
 2.550000000000E+00   4.281377602480E+00
 2.560000000000E+00   4.300755741623E+00
 2.570000000000E+00   4.320145489428E+00
 2.580000000000E+00   4.339549937272E+00
 2.590000000000E+00   4.358968076365E+00
 2.600000000000E+00   4.378394902734E+00
 2.610000000000E+00   4.397823666821E+00
 2.620000000000E+00   4.417250122008E+00
 2.630000000000E+00   4.436674883131E+00
 2.640000000000E+00   4.456100300479E+00
 2.650000000000E+00   4.475529032112E+00
 2.660000000000E+00   4.494964602183E+00
 2.670000000000E+00   4.514411246655E+00
 2.680000000000E+00   4.533871894978E+00
 2.690000000000E+00   4.553345819672E+00
 2.700000000000E+00   4.572828652056E+00
 2.710000000000E+00   4.592314179232E+00
 2.720000000000E+00   4.611798260784E+00
 2.730000000000E+00   4.631281390690E+00
 2.740000000000E+00   4.650765741596E+00
 2.750000000000E+00   4.670253661915E+00
 2.760000000000E+00   4.689748172290E+00
 2.770000000000E+00   4.709252944535E+00
 2.780000000000E+00   4.728770604999E+00
 2.790000000000E+00   4.748300498883E+00
 2.800000000000E+00   4.767838538811E+00
 2.810000000000E+00   4.787378728380E+00
 2.820000000000E+00   4.806916952088E+00
 2.830000000000E+00   4.826453610599E+00
 2.840000000000E+00   4.845990831006E+00
 2.850000000000E+00   4.865530948151E+00
 2.860000000000E+00   4.885076743616E+00
 2.870000000000E+00   4.904631380780E+00
 2.880000000000E+00   4.924196953571E+00
 2.890000000000E+00   4.943772371613E+00
 2.900000000000E+00   4.963353259188E+00
 2.910000000000E+00   4.982933528194E+00
 2.920000000000E+00   5.002509131148E+00
 2.930000000000E+00   5.022080672884E+00
 2.940000000000E+00   5.041650654524E+00
 2.950000000000E+00   5.061221972692E+00
 2.960000000000E+00   5.080797867267E+00
 2.970000000000E+00   5.100381657901E+00
 2.980000000000E+00   5.119975487591E+00
 2.990000000000E+00   5.139578339283E+00
 3.000000000000E+00   5.159185854964E+00
