 1.000000000000E-02   0.000000000000E+00
 2.000000000000E-02   4.372197309328E-04
 3.000000000000E-02   1.742637814969E-03
 4.000000000000E-02   3.898101278290E-03
 5.000000000000E-02   6.875336186766E-03
 6.000000000000E-02   1.063829127920E-02
 7.000000000000E-02   1.514573489373E-02
 8.000000000000E-02   2.035391250984E-02
 9.000000000000E-02   2.621881469058E-02
 1.000000000000E-01   3.269737343437E-02
 1.100000000000E-01   3.974765298370E-02
 1.200000000000E-01   4.732900244911E-02
 1.300000000000E-01   5.540230083189E-02
 1.400000000000E-01   6.393044722964E-02
 1.500000000000E-01   7.287895961981E-02
 1.600000000000E-01   8.221608512287E-02
 1.700000000000E-01   9.191301205516E-02
 1.800000000000E-01   1.019444135576E-01
 1.900000000000E-01   1.122886710969E-01
 2.000000000000E-01   1.229272147875E-01
 2.100000000000E-01   1.338432944567E-01
 2.200000000000E-01   1.450211731560E-01
 2.300000000000E-01   1.564456213135E-01
 2.400000000000E-01   1.681020589620E-01
 2.500000000000E-01   1.799770268406E-01
 2.600000000000E-01   1.920580240584E-01
 2.700000000000E-01   2.043335782859E-01
 2.800000000000E-01   2.167940289861E-01
 2.900000000000E-01   2.294320740553E-01
 3.000000000000E-01   2.422422217020E-01
 3.100000000000E-01   2.552196147910E-01
 3.200000000000E-01   2.683592288185E-01
 3.300000000000E-01   2.816551206550E-01
 3.400000000000E-01   2.951004654090E-01
 3.500000000000E-01   3.086882395892E-01
 3.600000000000E-01   3.224114087278E-01
 3.700000000000E-01   3.362633541076E-01
 3.800000000000E-01   3.502388756721E-01
 3.900000000000E-01   3.643348358482E-01
 4.000000000000E-01   3.785496728472E-01
 4.100000000000E-01   3.928822728797E-01
 4.200000000000E-01   4.073311225468E-01
 4.300000000000E-01   4.218933475203E-01
 4.400000000000E-01   4.365645676937E-01
 4.500000000000E-01   4.513395185649E-01
 4.600000000000E-01   4.662125379728E-01
 4.700000000000E-01   4.811785424645E-01
 4.800000000000E-01   4.962341662615E-01
 4.900000000000E-01   5.113782083326E-01
 5.000000000000E-01   5.266109048951E-01
 5.100000000000E-01   5.419326737934E-01
 5.200000000000E-01   5.573433843099E-01
 5.300000000000E-01   5.728414996737E-01
 5.400000000000E-01   5.884238444253E-01
 5.500000000000E-01   6.040860857155E-01
 5.600000000000E-01   6.198232487018E-01
 5.700000000000E-01   6.356309138597E-01
 5.800000000000E-01   6.515065074318E-01
 5.900000000000E-01   6.674497894158E-01
 6.000000000000E-01   6.834619331883E-01
 6.100000000000E-01   6.995440288893E-01
 6.200000000000E-01   7.156963639967E-01
 6.300000000000E-01   7.319175714356E-01
 6.400000000000E-01   7.482043335187E-01
 6.500000000000E-01   7.645520061376E-01
 6.600000000000E-01   7.809553834890E-01
 6.700000000000E-01   7.974100542390E-01
 6.800000000000E-01   8.139136861432E-01
 6.900000000000E-01   8.304665195318E-01
 7.000000000000E-01   8.470705161669E-01
 7.100000000000E-01   8.637277007291E-01
 7.200000000000E-01   8.804392063769E-01
 7.300000000000E-01   8.972043418812E-01
 7.400000000000E-01   9.140202940485E-01
 7.500000000000E-01   9.308828168803E-01
 7.600000000000E-01   9.477870003451E-01
 7.700000000000E-01   9.647286106592E-01
 7.800000000000E-01   9.817054627656E-01
 7.900000000000E-01   9.987180313370E-01
 8.000000000000E-01   1.015768650221E+00
 8.100000000000E-01   1.032859687732E+00
 8.200000000000E-01   1.049992576637E+00
 8.300000000000E-01   1.067167096438E+00
 8.400000000000E-01   1.084381117628E+00
 8.500000000000E-01   1.101631201594E+00
 8.600000000000E-01   1.118913070727E+00
 8.700000000000E-01   1.136222609558E+00
 8.800000000000E-01   1.153557254133E+00
 8.900000000000E-01   1.170916989225E+00
 9.000000000000E-01   1.188303942244E+00
 9.100000000000E-01   1.205720530554E+00
 9.200000000000E-01   1.223168430378E+00
 9.300000000000E-01   1.240647957983E+00
 9.400000000000E-01   1.258157711608E+00
 9.500000000000E-01   1.275695023633E+00
 9.600000000000E-01   1.293256311974E+00
 9.700000000000E-01   1.310837864555E+00
 9.800000000000E-01   1.328437083942E+00
 9.900000000000E-01   1.346053843213E+00
 1.000000000000E+00   1.363690587698E+00
 1.010000000000E+00   1.381350382218E+00
 1.020000000000E+00   1.399035590755E+00
 1.030000000000E+00   1.416747245302E+00
 1.040000000000E+00   1.434484640796E+00
 1.050000000000E+00   1.452245679936E+00
 1.060000000000E+00   1.470027183590E+00
 1.070000000000E+00   1.487825639568E+00
 1.080000000000E+00   1.505638320285E+00
 1.090000000000E+00   1.523464670856E+00
 1.100000000000E+00   1.541306646144E+00
 1.110000000000E+00   1.559166943784E+00
 1.120000000000E+00   1.577047841544E+00
 1.130000000000E+00   1.594950618735E+00
 1.140000000000E+00   1.612874953856E+00
 1.150000000000E+00   1.630819134011E+00
 1.160000000000E+00   1.648780471534E+00
 1.170000000000E+00   1.666756099541E+00
 1.180000000000E+00   1.684743761963E+00
 1.190000000000E+00   1.702742793967E+00
 1.200000000000E+00   1.720754520615E+00
 1.210000000000E+00   1.738781084453E+00
 1.220000000000E+00   1.756824762970E+00
 1.230000000000E+00   1.774887157255E+00
 1.240000000000E+00   1.792968137419E+00
 1.250000000000E+00   1.811066052151E+00
 1.260000000000E+00   1.829178221870E+00
 1.270000000000E+00   1.847301638415E+00
 1.280000000000E+00   1.865433730309E+00
 1.290000000000E+00   1.883573447375E+00
 1.300000000000E+00   1.901721861656E+00
 1.310000000000E+00   1.919881343819E+00
 1.320000000000E+00   1.938054937921E+00
 1.330000000000E+00   1.956245037633E+00
 1.340000000000E+00   1.974451839291E+00
 1.350000000000E+00   1.992673693861E+00
 1.360000000000E+00   2.010907980179E+00
 1.370000000000E+00   2.029151885492E+00
 1.380000000000E+00   2.047403027953E+00
 1.390000000000E+00   2.065660486312E+00
 1.400000000000E+00   2.083925484510E+00
 1.410000000000E+00   2.102200654701E+00
 1.420000000000E+00   2.120489344548E+00
 1.430000000000E+00   2.138794119394E+00
 1.440000000000E+00   2.157115073826E+00
 1.450000000000E+00   2.175450359236E+00
 1.460000000000E+00   2.193797370132E+00
 1.470000000000E+00   2.212153543100E+00
 1.480000000000E+00   2.230516839901E+00
 1.490000000000E+00   2.248886752651E+00
 1.500000000000E+00   2.267264941261E+00
 1.510000000000E+00   2.285654383557E+00
 1.520000000000E+00   2.304058556203E+00
 1.530000000000E+00   2.322479862022E+00
 1.540000000000E+00   2.340917927336E+00
 1.550000000000E+00   2.359370228142E+00
 1.560000000000E+00   2.377833442365E+00
 1.570000000000E+00   2.396304401717E+00
 1.580000000000E+00   2.414780695033E+00
 1.590000000000E+00   2.433261664054E+00
 1.600000000000E+00   2.451748859446E+00
 1.610000000000E+00   2.470245020022E+00
 1.620000000000E+00   2.488753229016E+00
 1.630000000000E+00   2.507275547722E+00
 1.640000000000E+00   2.525811603594E+00
 1.650000000000E+00   2.544359243528E+00
 1.660000000000E+00   2.562915561880E+00
 1.670000000000E+00   2.581477754929E+00
 1.680000000000E+00   2.600043845494E+00
 1.690000000000E+00   2.618613635466E+00
 1.700000000000E+00   2.637189033541E+00
 1.710000000000E+00   2.655772915262E+00
 1.720000000000E+00   2.674368164444E+00
 1.730000000000E+00   2.692976562633E+00
 1.740000000000E+00   2.711597672588E+00
 1.750000000000E+00   2.730229522106E+00
 1.760000000000E+00   2.748869503116E+00
 1.770000000000E+00   2.767515053572E+00
 1.780000000000E+00   2.786164245242E+00
 1.790000000000E+00   2.804816575539E+00
 1.800000000000E+00   2.823473441631E+00
 1.810000000000E+00   2.842137426613E+00
 1.820000000000E+00   2.860811351606E+00
 1.830000000000E+00   2.879496824237E+00
 1.840000000000E+00   2.898193035811E+00
 1.850000000000E+00   2.916897621314E+00
 1.860000000000E+00   2.935607743531E+00
 1.870000000000E+00   2.954320941988E+00
 1.880000000000E+00   2.973035614734E+00
 1.890000000000E+00   2.991751494986E+00
 1.900000000000E+00   3.010470053304E+00
 1.910000000000E+00   3.029194030937E+00
 1.920000000000E+00   3.047926545355E+00
 1.930000000000E+00   3.066669395347E+00
 1.940000000000E+00   3.085421652672E+00
 1.950000000000E+00   3.104180467247E+00
 1.960000000000E+00   3.122942454986E+00
 1.970000000000E+00   3.141705138040E+00
 1.980000000000E+00   3.160467532188E+00
 1.990000000000E+00   3.179230114020E+00
 2.000000000000E+00   3.197994861072E+00
 2.010000000000E+00   3.216764920133E+00
 2.020000000000E+00   3.235543773162E+00
 2.030000000000E+00   3.254333351503E+00
 2.040000000000E+00   3.273132532973E+00
 2.050000000000E+00   3.291938104777E+00
 2.060000000000E+00   3.310746322148E+00
 2.070000000000E+00   3.329554539017E+00
 2.080000000000E+00   3.348361778332E+00
 2.090000000000E+00   3.367168459547E+00
 2.100000000000E+00   3.385976371995E+00
 2.110000000000E+00   3.404788596273E+00
 2.120000000000E+00   3.423608976192E+00
 2.130000000000E+00   3.442440138606E+00
 2.140000000000E+00   3.461281436274E+00
 2.150000000000E+00   3.480129633743E+00
 2.160000000000E+00   3.498980659889E+00
 2.170000000000E+00   3.517831504584E+00
 2.180000000000E+00   3.536680911172E+00
 2.190000000000E+00   3.555529112515E+00
 2.200000000000E+00   3.574377832017E+00
 2.210000000000E+00   3.593230241394E+00
 2.220000000000E+00   3.612090325305E+00
 2.230000000000E+00   3.630960713681E+00
 2.240000000000E+00   3.649840558130E+00
 2.250000000000E+00   3.668726403485E+00
 2.260000000000E+00   3.687614199494E+00
 2.270000000000E+00   3.706501313536E+00
 2.280000000000E+00   3.725387073731E+00
 2.290000000000E+00   3.744272235366E+00
 2.300000000000E+00   3.763158840622E+00
 2.310000000000E+00   3.782050102936E+00
 2.320000000000E+00   3.800949635659E+00
 2.330000000000E+00   3.819859235618E+00
 2.340000000000E+00   3.838777105388E+00
 2.350000000000E+00   3.857699267554E+00
 2.360000000000E+00   3.876621799517E+00
 2.370000000000E+00   3.895542685259E+00
 2.380000000000E+00   3.914462098472E+00
 2.390000000000E+00   3.933381809545E+00
 2.400000000000E+00   3.952304947132E+00
 2.410000000000E+00   3.971235519500E+00
 2.420000000000E+00   3.990177342256E+00
 2.430000000000E+00   4.009131771098E+00
 2.440000000000E+00   4.028096249896E+00
 2.450000000000E+00   4.047066254620E+00
 2.460000000000E+00   4.066037675956E+00
 2.470000000000E+00   4.085008496543E+00
 2.480000000000E+00   4.103979027210E+00
 2.490000000000E+00   4.122951230662E+00
 2.500000000000E+00   4.141928141698E+00
 2.510000000000E+00   4.160913162050E+00
 2.520000000000E+00   4.179909366501E+00
 2.530000000000E+00   4.198917736769E+00
 2.540000000000E+00   4.217935729393E+00
 2.550000000000E+00   4.236958999596E+00
 2.560000000000E+00   4.255983458039E+00
 2.570000000000E+00   4.275006793731E+00
 2.580000000000E+00   4.294028946908E+00
 2.590000000000E+00   4.313051691763E+00
 2.600000000000E+00   4.332078172663E+00
 2.610000000000E+00   4.351112094092E+00
 2.620000000000E+00   4.370156754439E+00
 2.630000000000E+00   4.389213216896E+00
 2.640000000000E+00   4.408279071569E+00
 2.650000000000E+00   4.427350301094E+00
 2.660000000000E+00   4.446423229755E+00
 2.670000000000E+00   4.465496013212E+00
 2.680000000000E+00   4.484569233862E+00
 2.690000000000E+00   4.503645406134E+00
 2.700000000000E+00   4.522728233395E+00
 2.710000000000E+00   4.541821614991E+00
 2.720000000000E+00   4.560928577849E+00
 2.730000000000E+00   4.580049472317E+00
 2.740000000000E+00   4.599180940315E+00
 2.750000000000E+00   4.618318012150E+00
 2.760000000000E+00   4.637456197638E+00
 2.770000000000E+00   4.656593154218E+00
 2.780000000000E+00   4.675729384387E+00
 2.790000000000E+00   4.694867546869E+00
 2.800000000000E+00   4.714011433139E+00
 2.810000000000E+00   4.733164985902E+00
 2.820000000000E+00   4.752331260059E+00
 2.830000000000E+00   4.771510402204E+00
 2.840000000000E+00   4.790698532055E+00
 2.850000000000E+00   4.809890004062E+00
 2.860000000000E+00   4.829079698856E+00
 2.870000000000E+00   4.848264919036E+00
 2.880000000000E+00   4.867446145586E+00
 2.890000000000E+00   4.886626257479E+00
 2.900000000000E+00   4.905809600677E+00
 2.910000000000E+00   4.925000837133E+00
 2.920000000000E+00   4.944203393505E+00
 2.930000000000E+00   4.963417327068E+00
 2.940000000000E+00   4.982638503531E+00
 2.950000000000E+00   5.001860980499E+00
 2.960000000000E+00   5.021079321256E+00
 2.970000000000E+00   5.040290755587E+00
 2.980000000000E+00   5.059496032724E+00
 2.990000000000E+00   5.078698397187E+00
 3.000000000000E+00   5.097902484061E+00
