 1.000000000000E-02   4.363832834574E+00
 2.000000000000E-02   4.333078305394E+00
 3.000000000000E-02   4.243949954486E+00
 4.000000000000E-02   4.105450230237E+00
 5.000000000000E-02   3.929283213652E+00
 6.000000000000E-02   3.727361411622E+00
 7.000000000000E-02   3.510211615892E+00
 8.000000000000E-02   3.286630776143E+00
 9.000000000000E-02   3.063715185305E+00
 1.000000000000E-01   2.846901598665E+00
 1.100000000000E-01   2.640097465929E+00
 1.200000000000E-01   2.445938522791E+00
 1.300000000000E-01   2.265897994067E+00
 1.400000000000E-01   2.100435106225E+00
 1.500000000000E-01   1.949232102078E+00
 1.600000000000E-01   1.811517315030E+00
 1.700000000000E-01   1.686324964885E+00
 1.800000000000E-01   1.572685559237E+00
 1.900000000000E-01   1.469737807057E+00
 2.000000000000E-01   1.376666154584E+00
 2.100000000000E-01   1.292683263103E+00
 2.200000000000E-01   1.217076651343E+00
 2.300000000000E-01   1.149106554603E+00
 2.400000000000E-01   1.088026298945E+00
 2.500000000000E-01   1.033052159431E+00
 2.600000000000E-01   9.834200179945E-01
 2.700000000000E-01   9.385133199401E-01
 2.800000000000E-01   8.977286103606E-01
 2.900000000000E-01   8.603737788013E-01
 3.000000000000E-01   8.257792770418E-01
 3.100000000000E-01   7.935244186825E-01
 3.200000000000E-01   7.634989704124E-01
 3.300000000000E-01   7.356704353448E-01
 3.400000000000E-01   7.098777783550E-01
 3.500000000000E-01   6.857586500862E-01
 3.600000000000E-01   6.629447678416E-01
 3.700000000000E-01   6.412114513626E-01
 3.800000000000E-01   6.203582383277E-01
 3.900000000000E-01   6.001454517443E-01
 4.000000000000E-01   5.803647012420E-01
 4.100000000000E-01   5.609625954766E-01
 4.200000000000E-01   5.420854362391E-01
 4.300000000000E-01   5.240122421627E-01
 4.400000000000E-01   5.070213193607E-01
 4.500000000000E-01   4.911395512073E-01
 4.600000000000E-01   4.761735123163E-01
 4.700000000000E-01   4.619073890240E-01
 4.800000000000E-01   4.481358690339E-01
 4.900000000000E-01   4.346634301680E-01
 5.000000000000E-01   4.213365122905E-01
 5.100000000000E-01   4.080863889349E-01
 5.200000000000E-01   3.949666753332E-01
 5.300000000000E-01   3.821400276675E-01
 5.400000000000E-01   3.698909981621E-01
 5.500000000000E-01   3.584257743935E-01
 5.600000000000E-01   3.477344554283E-01
 5.700000000000E-01   3.376798019315E-01
 5.800000000000E-01   3.280466257216E-01
 5.900000000000E-01   3.186409351869E-01
 6.000000000000E-01   3.094144631294E-01
 6.100000000000E-01   3.004120436757E-01
 6.200000000000E-01   2.916850269912E-01
 6.300000000000E-01   2.832689565617E-01
 6.400000000000E-01   2.752302561306E-01
 6.500000000000E-01   2.676226034652E-01
 6.600000000000E-01   2.604106627974E-01
 6.700000000000E-01   2.534889673508E-01
 6.800000000000E-01   2.467679301260E-01
 6.900000000000E-01   2.402105422172E-01
 7.000000000000E-01   2.338143563387E-01
 7.100000000000E-01   2.275479734233E-01
 7.200000000000E-01   2.213472707022E-01
 7.300000000000E-01   2.151871389293E-01
 7.400000000000E-01   2.091181242789E-01
 7.500000000000E-01   2.032721404414E-01
 7.600000000000E-01   1.977436406970E-01
 7.700000000000E-01   1.925483873783E-01
 7.800000000000E-01   1.876783630003E-01
 7.900000000000E-01   1.831258381573E-01
 8.000000000000E-01   1.788815035756E-01
 8.100000000000E-01   1.748432588600E-01
 8.200000000000E-01   1.707968491101E-01
 8.300000000000E-01   1.666032060446E-01
 8.400000000000E-01   1.622953797799E-01
 8.500000000000E-01   1.580051294616E-01
 8.600000000000E-01   1.538685420626E-01
 8.700000000000E-01   1.499801327182E-01
 8.800000000000E-01   1.463759262207E-01
 8.900000000000E-01   1.430655460579E-01
 9.000000000000E-01   1.400506087544E-01
 9.100000000000E-01   1.372260020745E-01
 9.200000000000E-01   1.344311240255E-01
 9.300000000000E-01   1.316050845089E-01
 9.400000000000E-01   1.287535659416E-01
 9.500000000000E-01   1.258772210115E-01
 9.600000000000E-01   1.229900290144E-01
 9.700000000000E-01   1.201208284477E-01
 9.800000000000E-01   1.172630034130E-01
 9.900000000000E-01   1.144144486622E-01
 1.000000000000E+00   1.115630572357E-01
 1.010000000000E+00   1.086545690361E-01
 1.020000000000E+00   1.056993579548E-01
 1.030000000000E+00   1.028158092385E-01
 1.040000000000E+00   1.000819468864E-01
 1.050000000000E+00   9.747637024942E-02
 1.060000000000E+00   9.496071438639E-02
 1.070000000000E+00   9.253363327880E-02
 1.080000000000E+00   9.018304800897E-02
 1.090000000000E+00   8.787527453936E-02
 1.100000000000E+00   8.557684833639E-02
 1.110000000000E+00   8.327969396385E-02
 1.120000000000E+00   8.105048265493E-02
 1.130000000000E+00   7.906912963381E-02
 1.140000000000E+00   7.749484127887E-02
 1.150000000000E+00   7.631271241940E-02
 1.160000000000E+00   7.536632490316E-02
 1.170000000000E+00   7.449279911473E-02
 1.180000000000E+00   7.358610117990E-02
 1.190000000000E+00   7.262129197332E-02
 1.200000000000E+00   7.160879304890E-02
 1.210000000000E+00   7.056220494436E-02
 1.220000000000E+00   6.951422081103E-02
 1.230000000000E+00   6.860583184641E-02
 1.240000000000E+00   6.804600814182E-02
 1.250000000000E+00   6.791358066459E-02
 1.260000000000E+00   6.809677798919E-02
 1.270000000000E+00   6.841194718193E-02
 1.280000000000E+00   6.866524740140E-02
 1.290000000000E+00   6.872088068907E-02
 1.300000000000E+00   6.859558970146E-02
 1.310000000000E+00   6.841817397260E-02
 1.320000000000E+00   6.827286677350E-02
 1.330000000000E+00   6.818926786956E-02
 1.340000000000E+00   6.816301198907E-02
 1.350000000000E+00   6.813613915633E-02
 1.360000000000E+00   6.804317014779E-02
 1.370000000000E+00   6.782916781672E-02
 1.380000000000E+00   6.748781887779E-02
 1.390000000000E+00   6.704900927897E-02
 1.400000000000E+00   6.656765618826E-02
 1.410000000000E+00   6.616026587981E-02
 1.420000000000E+00   6.595188178019E-02
 1.430000000000E+00   6.599175884695E-02
 1.440000000000E+00   6.615913097681E-02
 1.450000000000E+00   6.617894927565E-02
 1.460000000000E+00   6.582512638810E-02
 1.470000000000E+00   6.504698810951E-02
 1.480000000000E+00   6.397134251733E-02
 1.490000000000E+00   6.279623012901E-02
 1.500000000000E+00   6.166596581905E-02
 1.510000000000E+00   6.068113269015E-02
 1.520000000000E+00   5.992449614169E-02
 1.530000000000E+00   5.938227879268E-02
 1.540000000000E+00   5.883832723682E-02
 1.550000000000E+00   5.790315065799E-02
 1.560000000000E+00   5.631797269531E-02
 1.570000000000E+00   5.417724812708E-02
 1.580000000000E+00   5.179017303936E-02
 1.590000000000E+00   4.943495898976E-02
 1.600000000000E+00   4.730751125772E-02
 1.610000000000E+00   4.555837756052E-02
 1.620000000000E+00   4.427813037470E-02
 1.630000000000E+00   4.342585514421E-02
 1.640000000000E+00   4.277940622277E-02
 1.650000000000E+00   4.204089315063E-02
 1.660000000000E+00   4.103803993028E-02
 1.670000000000E+00   3.981950208797E-02
 1.680000000000E+00   3.857089727981E-02
 1.690000000000E+00   3.745309938218E-02
 1.700000000000E+00   3.656371685900E-02
 1.710000000000E+00   3.597625087973E-02
 1.720000000000E+00   3.572832689259E-02
 1.730000000000E+00   3.576672508949E-02
 1.740000000000E+00   3.588755187512E-02
 1.750000000000E+00   3.582473237292E-02
 1.760000000000E+00   3.538742066607E-02
 1.770000000000E+00   3.458212140863E-02
 1.780000000000E+00   3.357200178718E-02
 1.790000000000E+00   3.253426475969E-02
 1.800000000000E+00   3.162313576514E-02
 1.810000000000E+00   3.097879325001E-02
 1.820000000000E+00   3.068997293545E-02
 1.830000000000E+00   3.075576039815E-02
 1.840000000000E+00   3.102504999350E-02
 1.850000000000E+00   3.128417220033E-02
 1.860000000000E+00   3.139905649500E-02
 1.870000000000E+00   3.133558741352E-02
 1.880000000000E+00   3.112801499041E-02
 1.890000000000E+00   3.086742286494E-02
 1.900000000000E+00   3.065958156385E-02
 1.910000000000E+00   3.054034797680E-02
 1.920000000000E+00   3.049509267547E-02
 1.930000000000E+00   3.054272597586E-02
 1.940000000000E+00   3.067406887621E-02
 1.950000000000E+00   3.083002767795E-02
 1.960000000000E+00   3.095262949565E-02
 1.970000000000E+00   3.097035585123E-02
 1.980000000000E+00   3.079257541034E-02
 1.990000000000E+00   3.038693348344E-02
 2.000000000000E+00   2.981594006197E-02
 2.010000000000E+00   2.912192805168E-02
 2.020000000000E+00   2.833928955815E-02
 2.030000000000E+00   2.757713547935E-02
 2.040000000000E+00   2.695023171254E-02
 2.050000000000E+00   2.651625872682E-02
 2.060000000000E+00   2.626927215307E-02
 2.070000000000E+00   2.614968541557E-02
 2.080000000000E+00   2.604193707454E-02
 2.090000000000E+00   2.586677494744E-02
 2.100000000000E+00   2.561722869261E-02
 2.110000000000E+00   2.527488001566E-02
 2.120000000000E+00   2.483741125085E-02
 2.130000000000E+00   2.436409056938E-02
 2.140000000000E+00   2.389080243574E-02
 2.150000000000E+00   2.344406856713E-02
 2.160000000000E+00   2.314211127114E-02
 2.170000000000E+00   2.305580524083E-02
 2.180000000000E+00   2.307524450655E-02
 2.190000000000E+00   2.312851222333E-02
 2.200000000000E+00   2.319288451882E-02
 2.210000000000E+00   2.315315172617E-02
 2.220000000000E+00   2.288039077169E-02
 2.230000000000E+00   2.238334366879E-02
 2.240000000000E+00   2.175873768175E-02
 2.250000000000E+00   2.108532605333E-02
 2.260000000000E+00   2.050804720083E-02
 2.270000000000E+00   2.012136638456E-02
 2.280000000000E+00   1.987652254918E-02
 2.290000000000E+00   1.973990173161E-02
 2.300000000000E+00   1.965067251538E-02
 2.310000000000E+00   1.951756772448E-02
 2.320000000000E+00   1.928428345436E-02
 2.330000000000E+00   1.892129070003E-02
 2.340000000000E+00   1.847120574670E-02
 2.350000000000E+00   1.808118069680E-02
 2.360000000000E+00   1.792152267348E-02
 2.370000000000E+00   1.802108182220E-02
 2.380000000000E+00   1.827347077128E-02
 2.390000000000E+00   1.858822545154E-02
 2.400000000000E+00   1.889435389056E-02
 2.410000000000E+00   1.911515247934E-02
 2.420000000000E+00   1.919320365686E-02
 2.430000000000E+00   1.908585178447E-02
 2.440000000000E+00   1.882659006644E-02
 2.450000000000E+00   1.857233369117E-02
 2.460000000000E+00   1.849754540758E-02
 2.470000000000E+00   1.860143238960E-02
 2.480000000000E+00   1.866967939066E-02
 2.490000000000E+00   1.853932142235E-02
 2.500000000000E+00   1.824877547521E-02
 2.510000000000E+00   1.793675374685E-02
 2.520000000000E+00   1.767646785850E-02
 2.530000000000E+00   1.741902947020E-02
 2.540000000000E+00   1.709576560255E-02
 2.550000000000E+00   1.672680864706E-02
 2.560000000000E+00   1.641995229087E-02
 2.570000000000E+00   1.627052746728E-02
 2.580000000000E+00   1.622812453580E-02
 2.590000000000E+00   1.615564118871E-02
 2.600000000000E+00   1.598567547844E-02
 2.610000000000E+00   1.579942939714E-02
 2.620000000000E+00   1.575374098553E-02
 2.630000000000E+00   1.591394032548E-02
 2.640000000000E+00   1.622403155941E-02
 2.650000000000E+00   1.657207585039E-02
 2.660000000000E+00   1.687930050036E-02
 2.670000000000E+00   1.715375758085E-02
 2.680000000000E+00   1.740721996489E-02
 2.690000000000E+00   1.762696037507E-02
 2.700000000000E+00   1.783587597097E-02
 2.710000000000E+00   1.810723515812E-02
 2.720000000000E+00   1.852035083908E-02
 2.730000000000E+00   1.901436995282E-02
 2.740000000000E+00   1.943957921470E-02
 2.750000000000E+00   1.968601423277E-02
 2.760000000000E+00   1.971716669794E-02
 2.770000000000E+00   1.956288030815E-02
 2.780000000000E+00   1.930418326659E-02
 2.790000000000E+00   1.903270171958E-02
 2.800000000000E+00   1.880948927156E-02
 2.810000000000E+00   1.869437047299E-02
 2.820000000000E+00   1.877234216107E-02
 2.830000000000E+00   1.901740094026E-02
 2.840000000000E+00   1.932700143233E-02
 2.850000000000E+00   1.965633376337E-02
 2.860000000000E+00   1.996645345496E-02
 2.870000000000E+00   2.018003625083E-02
 2.880000000000E+00   2.024765117982E-02
 2.890000000000E+00   2.021265862923E-02
 2.900000000000E+00   2.014149940364E-02
 2.910000000000E+00   2.009809726973E-02
 2.920000000000E+00   2.024051964705E-02
 2.930000000000E+00   2.065832949765E-02
 2.940000000000E+00   2.122218869748E-02
 2.950000000000E+00   2.174951441762E-02
 2.960000000000E+00   2.214905268345E-02
 2.970000000000E+00   2.243552069550E-02
 2.980000000000E+00   2.267851560313E-02
 2.990000000000E+00   2.294390626405E-02
 3.000000000000E+00   2.324000709070E-02
