 2.500000000000E-03   0.000000000000E+00
 7.500000000000E-03   0.000000000000E+00
 1.250000000000E-02   0.000000000000E+00
 1.750000000000E-02   0.000000000000E+00
 2.250000000000E-02   0.000000000000E+00
 2.750000000000E-02   0.000000000000E+00
 3.250000000000E-02   0.000000000000E+00
 3.750000000000E-02   0.000000000000E+00
 4.250000000000E-02   0.000000000000E+00
 4.750000000000E-02   0.000000000000E+00
 5.250000000000E-02   0.000000000000E+00
 5.750000000000E-02   0.000000000000E+00
 6.250000000000E-02   0.000000000000E+00
 6.750000000000E-02   0.000000000000E+00
 7.250000000000E-02   0.000000000000E+00
 7.750000000000E-02   0.000000000000E+00
 8.250000000000E-02   0.000000000000E+00
 8.750000000000E-02   0.000000000000E+00
 9.250000000000E-02   0.000000000000E+00
 9.750000000000E-02   0.000000000000E+00
 1.025000000000E-01   0.000000000000E+00
 1.075000000000E-01   0.000000000000E+00
 1.125000000000E-01   0.000000000000E+00
 1.175000000000E-01   0.000000000000E+00
 1.225000000000E-01   0.000000000000E+00
 1.275000000000E-01   0.000000000000E+00
 1.325000000000E-01   0.000000000000E+00
 1.375000000000E-01   0.000000000000E+00
 1.425000000000E-01   0.000000000000E+00
 1.475000000000E-01   0.000000000000E+00
 1.525000000000E-01   0.000000000000E+00
 1.575000000000E-01   0.000000000000E+00
 1.625000000000E-01   0.000000000000E+00
 1.675000000000E-01   0.000000000000E+00
 1.725000000000E-01   0.000000000000E+00
 1.775000000000E-01   0.000000000000E+00
 1.825000000000E-01   0.000000000000E+00
 1.875000000000E-01   0.000000000000E+00
 1.925000000000E-01   0.000000000000E+00
 1.975000000000E-01   0.000000000000E+00
 2.025000000000E-01   0.000000000000E+00
 2.075000000000E-01   0.000000000000E+00
 2.125000000000E-01   0.000000000000E+00
 2.175000000000E-01   0.000000000000E+00
 2.225000000000E-01   0.000000000000E+00
 2.275000000000E-01   0.000000000000E+00
 2.325000000000E-01   0.000000000000E+00
 2.375000000000E-01   0.000000000000E+00
 2.425000000000E-01   0.000000000000E+00
 2.475000000000E-01   0.000000000000E+00
 2.525000000000E-01   0.000000000000E+00
 2.575000000000E-01   0.000000000000E+00
 2.625000000000E-01   0.000000000000E+00
 2.675000000000E-01   0.000000000000E+00
 2.725000000000E-01   0.000000000000E+00
 2.775000000000E-01   0.000000000000E+00
 2.825000000000E-01   0.000000000000E+00
 2.875000000000E-01   0.000000000000E+00
 2.925000000000E-01   0.000000000000E+00
 2.975000000000E-01   0.000000000000E+00
 3.025000000000E-01   0.000000000000E+00
 3.075000000000E-01   0.000000000000E+00
 3.125000000000E-01   0.000000000000E+00
 3.175000000000E-01   0.000000000000E+00
 3.225000000000E-01   0.000000000000E+00
 3.275000000000E-01   0.000000000000E+00
 3.325000000000E-01   0.000000000000E+00
 3.375000000000E-01   0.000000000000E+00
 3.425000000000E-01   0.000000000000E+00
 3.475000000000E-01   0.000000000000E+00
 3.525000000000E-01   0.000000000000E+00
 3.575000000000E-01   0.000000000000E+00
 3.625000000000E-01   0.000000000000E+00
 3.675000000000E-01   0.000000000000E+00
 3.725000000000E-01   0.000000000000E+00
 3.775000000000E-01   0.000000000000E+00
 3.825000000000E-01   0.000000000000E+00
 3.875000000000E-01   0.000000000000E+00
 3.925000000000E-01   0.000000000000E+00
 3.975000000000E-01   0.000000000000E+00
 4.025000000000E-01   0.000000000000E+00
 4.075000000000E-01   0.000000000000E+00
 4.125000000000E-01   0.000000000000E+00
 4.175000000000E-01   0.000000000000E+00
 4.225000000000E-01   0.000000000000E+00
 4.275000000000E-01   0.000000000000E+00
 4.325000000000E-01   0.000000000000E+00
 4.375000000000E-01   0.000000000000E+00
 4.425000000000E-01   0.000000000000E+00
 4.475000000000E-01   0.000000000000E+00
 4.525000000000E-01   0.000000000000E+00
 4.575000000000E-01   0.000000000000E+00
 4.625000000000E-01   0.000000000000E+00
 4.675000000000E-01   0.000000000000E+00
 4.725000000000E-01   0.000000000000E+00
 4.775000000000E-01   0.000000000000E+00
 4.825000000000E-01   0.000000000000E+00
 4.875000000000E-01   0.000000000000E+00
 4.925000000000E-01   0.000000000000E+00
 4.975000000000E-01   0.000000000000E+00
 5.025000000000E-01   0.000000000000E+00
 5.075000000000E-01   0.000000000000E+00
 5.125000000000E-01   0.000000000000E+00
 5.175000000000E-01   0.000000000000E+00
 5.225000000000E-01   0.000000000000E+00
 5.275000000000E-01   0.000000000000E+00
 5.325000000000E-01   0.000000000000E+00
 5.375000000000E-01   0.000000000000E+00
 5.425000000000E-01   0.000000000000E+00
 5.475000000000E-01   0.000000000000E+00
 5.525000000000E-01   0.000000000000E+00
 5.575000000000E-01   0.000000000000E+00
 5.625000000000E-01   0.000000000000E+00
 5.675000000000E-01   0.000000000000E+00
 5.725000000000E-01   0.000000000000E+00
 5.775000000000E-01   0.000000000000E+00
 5.825000000000E-01   0.000000000000E+00
 5.875000000000E-01   0.000000000000E+00
 5.925000000000E-01   0.000000000000E+00
 5.975000000000E-01   0.000000000000E+00
 6.025000000000E-01   0.000000000000E+00
 6.075000000000E-01   0.000000000000E+00
 6.125000000000E-01   0.000000000000E+00
 6.175000000000E-01   0.000000000000E+00
 6.225000000000E-01   0.000000000000E+00
 6.275000000000E-01   0.000000000000E+00
 6.325000000000E-01   0.000000000000E+00
 6.375000000000E-01   0.000000000000E+00
 6.425000000000E-01   0.000000000000E+00
 6.475000000000E-01   0.000000000000E+00
 6.525000000000E-01   0.000000000000E+00
 6.575000000000E-01   0.000000000000E+00
 6.625000000000E-01   0.000000000000E+00
 6.675000000000E-01   0.000000000000E+00
 6.725000000000E-01   0.000000000000E+00
 6.775000000000E-01   0.000000000000E+00
 6.825000000000E-01   0.000000000000E+00
 6.875000000000E-01   0.000000000000E+00
 6.925000000000E-01   0.000000000000E+00
 6.975000000000E-01   0.000000000000E+00
 7.025000000000E-01   0.000000000000E+00
 7.075000000000E-01   0.000000000000E+00
 7.125000000000E-01   0.000000000000E+00
 7.175000000000E-01   0.000000000000E+00
 7.225000000000E-01   0.000000000000E+00
 7.275000000000E-01   0.000000000000E+00
 7.325000000000E-01   0.000000000000E+00
 7.375000000000E-01   0.000000000000E+00
 7.425000000000E-01   0.000000000000E+00
 7.475000000000E-01   0.000000000000E+00
 7.525000000000E-01   0.000000000000E+00
 7.575000000000E-01   0.000000000000E+00
 7.625000000000E-01   0.000000000000E+00
 7.675000000000E-01   0.000000000000E+00
 7.725000000000E-01   0.000000000000E+00
 7.775000000000E-01   0.000000000000E+00
 7.825000000000E-01   0.000000000000E+00
 7.875000000000E-01   0.000000000000E+00
 7.925000000000E-01   0.000000000000E+00
 7.975000000000E-01   0.000000000000E+00
 8.025000000000E-01   0.000000000000E+00
 8.075000000000E-01   0.000000000000E+00
 8.125000000000E-01   0.000000000000E+00
 8.175000000000E-01   0.000000000000E+00
 8.225000000000E-01   0.000000000000E+00
 8.275000000000E-01   0.000000000000E+00
 8.325000000000E-01   0.000000000000E+00
 8.375000000000E-01   0.000000000000E+00
 8.425000000000E-01   0.000000000000E+00
 8.475000000000E-01   0.000000000000E+00
 8.525000000000E-01   3.503887018111E-05
 8.575000000000E-01   3.463144607551E-05
 8.625000000000E-01   1.026932610659E-04
 8.675000000000E-01   3.722139366938E-04
 8.725000000000E-01   5.686656240785E-04
 8.775000000000E-01   1.289761164784E-03
 8.825000000000E-01   2.746558226977E-03
 8.875000000000E-01   5.205088501631E-03
 8.925000000000E-01   7.448665126177E-03
 8.975000000000E-01   1.226596728833E-02
 9.025000000000E-01   1.891472175398E-02
 9.075000000000E-01   2.810668532683E-02
 9.125000000000E-01   4.104174306872E-02
 9.175000000000E-01   6.110521311142E-02
 9.225000000000E-01   7.980485578814E-02
 9.275000000000E-01   1.100873466351E-01
 9.325000000000E-01   1.429095378682E-01
 9.375000000000E-01   1.843275271469E-01
 9.425000000000E-01   2.372162195788E-01
 9.475000000000E-01   2.928388313821E-01
 9.525000000000E-01   3.563494247678E-01
 9.575000000000E-01   4.287145231661E-01
 9.625000000000E-01   4.982412000728E-01
 9.675000000000E-01   5.810289642872E-01
 9.725000000000E-01   6.620114163006E-01
 9.775000000000E-01   7.542629266117E-01
 9.825000000000E-01   8.345298928190E-01
 9.875000000000E-01   9.320167000123E-01
 9.925000000000E-01   1.023934185842E+00
 9.975000000000E-01   1.105648927128E+00
 1.002500000000E+00   1.191894359437E+00
 1.007500000000E+00   1.280391436634E+00
 1.012500000000E+00   1.351536857800E+00
 1.017500000000E+00   1.429366832680E+00
 1.022500000000E+00   1.499037329916E+00
 1.027500000000E+00   1.556529841085E+00
 1.032500000000E+00   1.619672730297E+00
 1.037500000000E+00   1.679376236744E+00
 1.042500000000E+00   1.725912876975E+00
 1.047500000000E+00   1.760648611670E+00
 1.052500000000E+00   1.797521412472E+00
 1.057500000000E+00   1.832731724212E+00
 1.062500000000E+00   1.863930435342E+00
 1.067500000000E+00   1.872186428323E+00
 1.072500000000E+00   1.910825101458E+00
 1.077500000000E+00   1.916995877711E+00
 1.082500000000E+00   1.932533098679E+00
 1.087500000000E+00   1.939285245856E+00
 1.092500000000E+00   1.940499313324E+00
 1.097500000000E+00   1.952667670550E+00
 1.102500000000E+00   1.947357038305E+00
 1.107500000000E+00   1.925349748002E+00
 1.112500000000E+00   1.930488302731E+00
 1.117500000000E+00   1.913802479402E+00
 1.122500000000E+00   1.908189464379E+00
 1.127500000000E+00   1.892705124496E+00
 1.132500000000E+00   1.874679298234E+00
 1.137500000000E+00   1.873428211567E+00
 1.142500000000E+00   1.838435745994E+00
 1.147500000000E+00   1.830707202858E+00
 1.152500000000E+00   1.814454420624E+00
 1.157500000000E+00   1.795106442157E+00
 1.162500000000E+00   1.772838991327E+00
 1.167500000000E+00   1.751278653954E+00
 1.172500000000E+00   1.736003783047E+00
 1.177500000000E+00   1.716075994371E+00
 1.182500000000E+00   1.694546714961E+00
 1.187500000000E+00   1.676153546006E+00
 1.192500000000E+00   1.658384676824E+00
 1.197500000000E+00   1.631335345796E+00
 1.202500000000E+00   1.611968327439E+00
 1.207500000000E+00   1.590595048857E+00
 1.212500000000E+00   1.570921779675E+00
 1.217500000000E+00   1.554506540011E+00
 1.222500000000E+00   1.548904947441E+00
 1.227500000000E+00   1.517130360759E+00
 1.232500000000E+00   1.498861389003E+00
 1.237500000000E+00   1.475566356293E+00
 1.242500000000E+00   1.469520646977E+00
 1.247500000000E+00   1.444788820384E+00
 1.252500000000E+00   1.426945964599E+00
 1.257500000000E+00   1.412529160977E+00
 1.262500000000E+00   1.390307366921E+00
 1.267500000000E+00   1.368550064458E+00
 1.272500000000E+00   1.353381603475E+00
 1.277500000000E+00   1.337721672852E+00
 1.282500000000E+00   1.313702832597E+00
 1.287500000000E+00   1.302766407528E+00
 1.292500000000E+00   1.287462796624E+00
 1.297500000000E+00   1.279903819710E+00
 1.302500000000E+00   1.266028433703E+00
 1.307500000000E+00   1.250778314922E+00
 1.312500000000E+00   1.234954711884E+00
 1.317500000000E+00   1.223911957309E+00
 1.322500000000E+00   1.213408248268E+00
 1.327500000000E+00   1.201611654538E+00
 1.332500000000E+00   1.181094355044E+00
 1.337500000000E+00   1.178771337752E+00
 1.342500000000E+00   1.164398071296E+00
 1.347500000000E+00   1.152351003889E+00
 1.352500000000E+00   1.140463845939E+00
 1.357500000000E+00   1.129825709745E+00
 1.362500000000E+00   1.117392313019E+00
 1.367500000000E+00   1.104878725747E+00
 1.372500000000E+00   1.099452268584E+00
 1.377500000000E+00   1.093578796981E+00
 1.382500000000E+00   1.082631937100E+00
 1.387500000000E+00   1.067832743180E+00
 1.392500000000E+00   1.054531062270E+00
 1.397500000000E+00   1.053648493091E+00
 1.402500000000E+00   1.036633974319E+00
 1.407500000000E+00   1.041120649409E+00
 1.412500000000E+00   1.028134324710E+00
 1.417500000000E+00   1.016027382239E+00
 1.422500000000E+00   1.011552719200E+00
 1.427500000000E+00   1.007853000453E+00
 1.432500000000E+00   1.000879300676E+00
 1.437500000000E+00   9.926718102380E-01
 1.442500000000E+00   9.875399229858E-01
 1.447500000000E+00   9.808873258411E-01
 1.452500000000E+00   9.718887681286E-01
 1.457500000000E+00   9.694755376577E-01
 1.462500000000E+00   9.671796824878E-01
 1.467500000000E+00   9.632607710441E-01
 1.472500000000E+00   9.556145011258E-01
 1.477500000000E+00   9.504174909716E-01
 1.482500000000E+00   9.432063461286E-01
 1.487500000000E+00   9.374055256107E-01
 1.492500000000E+00   9.327128533554E-01
 1.497500000000E+00   9.261541259402E-01
 1.502500000000E+00   9.253808811169E-01
 1.507500000000E+00   9.151177825822E-01
 1.512500000000E+00   9.161013230457E-01
 1.517500000000E+00   9.108373745455E-01
 1.522500000000E+00   9.100828680181E-01
 1.527500000000E+00   9.063501432438E-01
 1.532500000000E+00   8.926171497900E-01
 1.537500000000E+00   9.037011896037E-01
 1.542500000000E+00   8.934318366926E-01
 1.547500000000E+00   8.986841418271E-01
 1.552500000000E+00   8.911087635376E-01
 1.557500000000E+00   8.913590965696E-01
 1.562500000000E+00   8.904615006759E-01
 1.567500000000E+00   8.891633708412E-01
 1.572500000000E+00   8.855157456904E-01
 1.577500000000E+00   8.799010014686E-01
 1.582500000000E+00   8.787321713734E-01
 1.587500000000E+00   8.816730936780E-01
 1.592500000000E+00   8.779226538414E-01
 1.597500000000E+00   8.717471501431E-01
 1.602500000000E+00   8.762913819847E-01
 1.607500000000E+00   8.683750981565E-01
 1.612500000000E+00   8.729876048175E-01
 1.617500000000E+00   8.709080636395E-01
 1.622500000000E+00   8.717201507021E-01
 1.627500000000E+00   8.723039425542E-01
 1.632500000000E+00   8.669974321060E-01
 1.637500000000E+00   8.681117200759E-01
 1.642500000000E+00   8.610410389442E-01
 1.647500000000E+00   8.610201747051E-01
 1.652500000000E+00   8.684998855549E-01
 1.657500000000E+00   8.617293210105E-01
 1.662500000000E+00   8.574935444775E-01
 1.667500000000E+00   8.646949060097E-01
 1.672500000000E+00   8.657411384670E-01
 1.677500000000E+00   8.603797988856E-01
 1.682500000000E+00   8.610218843066E-01
 1.687500000000E+00   8.612299156715E-01
 1.692500000000E+00   8.656785841158E-01
 1.697500000000E+00   8.678859923695E-01
 1.702500000000E+00   8.653347706888E-01
 1.707500000000E+00   8.628421745936E-01
 1.712500000000E+00   8.625173210265E-01
 1.717500000000E+00   8.692345299198E-01
 1.722500000000E+00   8.657747107226E-01
 1.727500000000E+00   8.685523776033E-01
 1.732500000000E+00   8.690438650920E-01
 1.737500000000E+00   8.692369598389E-01
 1.742500000000E+00   8.756365069237E-01
 1.747500000000E+00   8.738183188688E-01
 1.752500000000E+00   8.796843594147E-01
 1.757500000000E+00   8.725344269657E-01
 1.762500000000E+00   8.799117490499E-01
 1.767500000000E+00   8.812902859646E-01
 1.772500000000E+00   8.828824446355E-01
 1.777500000000E+00   8.848941122942E-01
 1.782500000000E+00   8.813793596589E-01
 1.787500000000E+00   8.863778734813E-01
 1.792500000000E+00   8.864724806286E-01
 1.797500000000E+00   8.853779948559E-01
 1.802500000000E+00   8.929113147896E-01
 1.807500000000E+00   8.920935639670E-01
 1.812500000000E+00   8.948369081172E-01
 1.817500000000E+00   9.003580509076E-01
 1.822500000000E+00   9.029992295521E-01
 1.827500000000E+00   9.027845342646E-01
 1.832500000000E+00   9.057967554039E-01
 1.837500000000E+00   9.082047598529E-01
 1.842500000000E+00   9.127861444128E-01
 1.847500000000E+00   9.154022558082E-01
 1.852500000000E+00   9.176355267810E-01
 1.857500000000E+00   9.196912902869E-01
 1.862500000000E+00   9.221081883079E-01
 1.867500000000E+00   9.243546229160E-01
 1.872500000000E+00   9.275589316934E-01
 1.877500000000E+00   9.319152309329E-01
 1.882500000000E+00   9.366433653652E-01
 1.887500000000E+00   9.377559839948E-01
 1.892500000000E+00   9.396329913016E-01
 1.897500000000E+00   9.398222404135E-01
 1.902500000000E+00   9.427051623894E-01
 1.907500000000E+00   9.472946303969E-01
 1.912500000000E+00   9.559587361910E-01
 1.917500000000E+00   9.612161087249E-01
 1.922500000000E+00   9.600604130733E-01
 1.927500000000E+00   9.625364359836E-01
 1.932500000000E+00   9.655467831036E-01
 1.937500000000E+00   9.718643445570E-01
 1.942500000000E+00   9.767881601294E-01
 1.947500000000E+00   9.782849211048E-01
 1.952500000000E+00   9.852442827774E-01
 1.957500000000E+00   9.846634654644E-01
 1.962500000000E+00   9.937488511821E-01
 1.967500000000E+00   9.958747445272E-01
 1.972500000000E+00   9.983983054801E-01
 1.977500000000E+00   1.004080979490E+00
 1.982500000000E+00   1.007620389873E+00
 1.987500000000E+00   1.010789192786E+00
 1.992500000000E+00   1.008397316814E+00
 1.997500000000E+00   1.014951688735E+00
 2.002500000000E+00   1.020037389407E+00
 2.007500000000E+00   1.022608232424E+00
 2.012500000000E+00   1.027982851193E+00
 2.017500000000E+00   1.033028932501E+00
 2.022500000000E+00   1.037234443540E+00
 2.027500000000E+00   1.036139070712E+00
 2.032500000000E+00   1.042784181120E+00
 2.037500000000E+00   1.045763266797E+00
 2.042500000000E+00   1.038323889555E+00
 2.047500000000E+00   1.045443834134E+00
 2.052500000000E+00   1.045706071189E+00
 2.057500000000E+00   1.050164152746E+00
 2.062500000000E+00   1.054045965404E+00
 2.067500000000E+00   1.055054232541E+00
 2.072500000000E+00   1.057155084981E+00
 2.077500000000E+00   1.058509604806E+00
 2.082500000000E+00   1.063908088063E+00
 2.087500000000E+00   1.060611640353E+00
 2.092500000000E+00   1.064621702382E+00
 2.097500000000E+00   1.063771609185E+00
 2.102500000000E+00   1.065112340534E+00
 2.107500000000E+00   1.070080501091E+00
 2.112500000000E+00   1.070379143734E+00
 2.117500000000E+00   1.070475620128E+00
 2.122500000000E+00   1.064968935355E+00
 2.127500000000E+00   1.068588143224E+00
 2.132500000000E+00   1.072122540693E+00
 2.137500000000E+00   1.073711650310E+00
 2.142500000000E+00   1.074325640408E+00
 2.147500000000E+00   1.071382862015E+00
 2.152500000000E+00   1.070632251565E+00
 2.157500000000E+00   1.074177007621E+00
 2.162500000000E+00   1.072956431569E+00
 2.167500000000E+00   1.072017527460E+00
 2.172500000000E+00   1.068173187116E+00
 2.177500000000E+00   1.076119817249E+00
 2.182500000000E+00   1.070280621188E+00
 2.187500000000E+00   1.071869914251E+00
 2.192500000000E+00   1.069714836636E+00
 2.197500000000E+00   1.063855851894E+00
 2.202500000000E+00   1.062390720919E+00
 2.207500000000E+00   1.066973985127E+00
 2.212500000000E+00   1.066074088284E+00
 2.217500000000E+00   1.066947710493E+00
 2.222500000000E+00   1.067910950543E+00
 2.227500000000E+00   1.066309223298E+00
 2.232500000000E+00   1.059770472917E+00
 2.237500000000E+00   1.064179693599E+00
 2.242500000000E+00   1.060305386884E+00
 2.247500000000E+00   1.059837681246E+00
 2.252500000000E+00   1.055197970643E+00
 2.257500000000E+00   1.056949737113E+00
 2.262500000000E+00   1.055939669651E+00
 2.267500000000E+00   1.054234839643E+00
 2.272500000000E+00   1.060907556699E+00
 2.277500000000E+00   1.051512037781E+00
 2.282500000000E+00   1.056118961885E+00
 2.287500000000E+00   1.051210238844E+00
 2.292500000000E+00   1.049837402232E+00
 2.297500000000E+00   1.052427246872E+00
 2.302500000000E+00   1.050094948565E+00
 2.307500000000E+00   1.047227753578E+00
 2.312500000000E+00   1.046518347075E+00
 2.317500000000E+00   1.049313893313E+00
 2.322500000000E+00   1.045674096191E+00
 2.327500000000E+00   1.044222869881E+00
 2.332500000000E+00   1.043691851049E+00
 2.337500000000E+00   1.041552587697E+00
 2.342500000000E+00   1.036410264309E+00
 2.347500000000E+00   1.029463127711E+00
 2.352500000000E+00   1.035352643204E+00
 2.357500000000E+00   1.034333188574E+00
 2.362500000000E+00   1.030794618138E+00
 2.367500000000E+00   1.030420563033E+00
 2.372500000000E+00   1.033415443555E+00
 2.377500000000E+00   1.027600219327E+00
 2.382500000000E+00   1.025211703073E+00
 2.387500000000E+00   1.026122154534E+00
 2.392500000000E+00   1.023559384457E+00
 2.397500000000E+00   1.022152034874E+00
 2.402500000000E+00   1.018523988601E+00
 2.407500000000E+00   1.019315093351E+00
 2.412500000000E+00   1.019775876779E+00
 2.417500000000E+00   1.017361454407E+00
 2.422500000000E+00   1.011352358435E+00
 2.427500000000E+00   1.012289637422E+00
 2.432500000000E+00   1.012874989329E+00
 2.437500000000E+00   1.012855558318E+00
 2.442500000000E+00   1.009374616277E+00
 2.447500000000E+00   1.008621544418E+00
 2.452500000000E+00   1.011469110796E+00
 2.457500000000E+00   1.006332842014E+00
 2.462500000000E+00   1.004719610031E+00
 2.467500000000E+00   1.003642341401E+00
 2.472500000000E+00   1.001728294476E+00
 2.477500000000E+00   1.005604803670E+00
 2.482500000000E+00   9.963683041044E-01
 2.487500000000E+00   1.000976281575E+00
 2.492500000000E+00   9.984071784517E-01
 2.497500000000E+00   1.000904771655E+00
 2.502500000000E+00   9.973726992089E-01
 2.507500000000E+00   9.987289456642E-01
 2.512500000000E+00   9.983278853721E-01
 2.517500000000E+00   9.972551546574E-01
 2.522500000000E+00   9.949664665223E-01
 2.527500000000E+00   9.906431515675E-01
 2.532500000000E+00   9.940885900984E-01
 2.537500000000E+00   9.893008430223E-01
 2.542500000000E+00   9.930991713750E-01
 2.547500000000E+00   9.915393562310E-01
 2.552500000000E+00   9.888819368090E-01
 2.557500000000E+00   9.932688500097E-01
 2.562500000000E+00   9.932783792869E-01
 2.567500000000E+00   9.880228258014E-01
 2.572500000000E+00   9.897115023197E-01
 2.577500000000E+00   9.902489074145E-01
 2.582500000000E+00   9.840241471205E-01
 2.587500000000E+00   9.874438046962E-01
 2.592500000000E+00   9.831309308772E-01
 2.597500000000E+00   9.834145131766E-01
 2.602500000000E+00   9.830532634794E-01
 2.607500000000E+00   9.837924255348E-01
 2.612500000000E+00   9.822801216595E-01
 2.617500000000E+00   9.827272076158E-01
 2.622500000000E+00   9.844041232184E-01
 2.627500000000E+00   9.813951658008E-01
 2.632500000000E+00   9.818707120334E-01
 2.637500000000E+00   9.794729942816E-01
 2.642500000000E+00   9.821809327559E-01
 2.647500000000E+00   9.794446109383E-01
 2.652500000000E+00   9.796137732158E-01
 2.657500000000E+00   9.845162668208E-01
 2.662500000000E+00   9.765975966746E-01
 2.667500000000E+00   9.786551927789E-01
 2.672500000000E+00   9.795460846002E-01
 2.677500000000E+00   9.764807091043E-01
 2.682500000000E+00   9.813866655419E-01
 2.687500000000E+00   9.761306815446E-01
 2.692500000000E+00   9.790210378976E-01
 2.697500000000E+00   9.810258774319E-01
 2.702500000000E+00   9.809241735571E-01
 2.707500000000E+00   9.800731387154E-01
 2.712500000000E+00   9.835929389033E-01
 2.717500000000E+00   9.806319632036E-01
 2.722500000000E+00   9.815545843220E-01
 2.727500000000E+00   9.826897752531E-01
 2.732500000000E+00   9.826675702706E-01
 2.737500000000E+00   9.800360526528E-01
 2.742500000000E+00   9.807893192226E-01
 2.747500000000E+00   9.784102444630E-01
 2.752500000000E+00   9.829759795220E-01
 2.757500000000E+00   9.794144762530E-01
 2.762500000000E+00   9.815215645828E-01
 2.767500000000E+00   9.809571846773E-01
 2.772500000000E+00   9.826432005337E-01
 2.777500000000E+00   9.831719197470E-01
 2.782500000000E+00   9.826412911674E-01
 2.787500000000E+00   9.813707573906E-01
 2.792500000000E+00   9.832150643092E-01
 2.797500000000E+00   9.810083863755E-01
 2.802500000000E+00   9.808992028480E-01
 2.807500000000E+00   9.785812165085E-01
 2.812500000000E+00   9.799659804545E-01
 2.817500000000E+00   9.832690848074E-01
 2.822500000000E+00   9.807825954454E-01
 2.827500000000E+00   9.824673816506E-01
 2.832500000000E+00   9.799889904804E-01
 2.837500000000E+00   9.831485277982E-01
 2.842500000000E+00   9.818391037186E-01
 2.847500000000E+00   9.855012341136E-01
 2.852500000000E+00   9.840241714278E-01
 2.857500000000E+00   9.855234826827E-01
 2.862500000000E+00   9.880598573210E-01
 2.867500000000E+00   9.867075797685E-01
 2.872500000000E+00   9.852630507377E-01
 2.877500000000E+00   9.921447753079E-01
 2.882500000000E+00   9.912250632256E-01
 2.887500000000E+00   9.945327648052E-01
 2.892500000000E+00   9.924092306925E-01
 2.897500000000E+00   9.943557992630E-01
 2.902500000000E+00   9.959566243503E-01
 2.907500000000E+00   9.908140638066E-01
 2.912500000000E+00   9.948119326557E-01
 2.917500000000E+00   9.926226683757E-01
 2.922500000000E+00   9.925892106658E-01
 2.927500000000E+00   9.952986408370E-01
 2.932500000000E+00   9.930712488465E-01
 2.937500000000E+00   9.967436420473E-01
 2.942500000000E+00   9.936855768609E-01
 2.947500000000E+00   9.974426871734E-01
 2.952500000000E+00   9.965619483500E-01
 2.957500000000E+00   9.973845831043E-01
 2.962500000000E+00   9.976505084875E-01
 2.967500000000E+00   9.983340651784E-01
 2.972500000000E+00   1.003578257306E+00
 2.977500000000E+00   9.979413963295E-01
 2.982500000000E+00   9.991098613731E-01
 2.987500000000E+00   9.958710732407E-01
 2.992500000000E+00   9.972635312839E-01
 2.997500000000E+00   1.000990668282E+00
 3.002500000000E+00   1.002953095540E+00
 3.007500000000E+00   1.005122176177E+00
 3.012500000000E+00   9.981995812477E-01
 3.017500000000E+00   1.003902449530E+00
 3.022500000000E+00   1.003231846166E+00
 3.027500000000E+00   1.001868407978E+00
 3.032500000000E+00   1.000768795119E+00
 3.037500000000E+00   1.004233249977E+00
 3.042500000000E+00   1.006943299879E+00
 3.047500000000E+00   1.006849879614E+00
 3.052500000000E+00   1.006079366548E+00
 3.057500000000E+00   1.004831804331E+00
 3.062500000000E+00   1.007409897633E+00
 3.067500000000E+00   1.006228499395E+00
 3.072500000000E+00   1.005602430187E+00
 3.077500000000E+00   1.006295270615E+00
 3.082500000000E+00   1.005284571425E+00
 3.087500000000E+00   1.004985707226E+00
 3.092500000000E+00   1.006424917731E+00
 3.097500000000E+00   1.008072550174E+00
 3.102500000000E+00   1.006680475058E+00
 3.107500000000E+00   1.006895456675E+00
 3.112500000000E+00   1.009138383705E+00
 3.117500000000E+00   1.007292651094E+00
 3.122500000000E+00   1.008496269538E+00
 3.127500000000E+00   1.003894423225E+00
 3.132500000000E+00   1.006679158481E+00
 3.137500000000E+00   1.007674233655E+00
 3.142500000000E+00   1.006107616371E+00
 3.147500000000E+00   1.006507110636E+00
 3.152500000000E+00   1.006740148113E+00
 3.157500000000E+00   1.009388035599E+00
 3.162500000000E+00   1.009366192471E+00
 3.167500000000E+00   1.007232843311E+00
 3.172500000000E+00   1.007820179633E+00
 3.177500000000E+00   1.012630982148E+00
 3.182500000000E+00   1.010391927738E+00
 3.187500000000E+00   1.009866237772E+00
 3.192500000000E+00   1.008157094348E+00
 3.197500000000E+00   1.009910766051E+00
 3.202500000000E+00   1.009483478089E+00
 3.207500000000E+00   1.011350910744E+00
 3.212500000000E+00   1.010216184001E+00
 3.217500000000E+00   1.007637247794E+00
 3.222500000000E+00   1.012261715155E+00
 3.227500000000E+00   1.011926845647E+00
 3.232500000000E+00   1.008374744630E+00
 3.237500000000E+00   1.010646295635E+00
 3.242500000000E+00   1.011499115776E+00
 3.247500000000E+00   1.008746585775E+00
 3.252500000000E+00   1.009458058683E+00
 3.257500000000E+00   1.008667751258E+00
 3.262500000000E+00   1.006532998082E+00
 3.267500000000E+00   1.009007459419E+00
 3.272500000000E+00   1.009868964399E+00
 3.277500000000E+00   1.005649848978E+00
 3.282500000000E+00   1.006289539939E+00
 3.287500000000E+00   1.007394281943E+00
 3.292500000000E+00   1.007367190015E+00
 3.297500000000E+00   1.008916420005E+00
 3.302500000000E+00   1.008817279075E+00
 3.307500000000E+00   1.009098208141E+00
 3.312500000000E+00   1.008402772078E+00
 3.317500000000E+00   1.011362680621E+00
 3.322500000000E+00   1.008690078738E+00
 3.327500000000E+00   1.006252049111E+00
 3.332500000000E+00   1.006816434075E+00
 3.337500000000E+00   1.008689723112E+00
 3.342500000000E+00   1.010576936374E+00
 3.347500000000E+00   1.005062842470E+00
 3.352500000000E+00   1.002558785284E+00
 3.357500000000E+00   1.005213338608E+00
 3.362500000000E+00   1.006237326426E+00
 3.367500000000E+00   1.007181192650E+00
 3.372500000000E+00   1.006682141401E+00
 3.377500000000E+00   1.007315628503E+00
 3.382500000000E+00   1.001036886961E+00
 3.387500000000E+00   1.005103064840E+00
 3.392500000000E+00   1.002967822652E+00
 3.397500000000E+00   1.001173904936E+00
 3.402500000000E+00   1.003842582639E+00
 3.407500000000E+00   1.004813537352E+00
 3.412500000000E+00   1.006824124850E+00
 3.417500000000E+00   1.006165186599E+00
 3.422500000000E+00   1.007751507276E+00
 3.427500000000E+00   1.006937735509E+00
 3.432500000000E+00   1.006969501096E+00
 3.437500000000E+00   1.003490576902E+00
 3.442500000000E+00   1.003654743317E+00
 3.447500000000E+00   1.004302238454E+00
 3.452500000000E+00   1.005401090909E+00
 3.457500000000E+00   1.000265014270E+00
 3.462500000000E+00   1.002482290630E+00
 3.467500000000E+00   1.002945943108E+00
 3.472500000000E+00   1.001248720641E+00
 3.477500000000E+00   1.000793177789E+00
 3.482500000000E+00   1.003561264556E+00
 3.487500000000E+00   1.005235313105E+00
 3.492500000000E+00   1.003056395691E+00
 3.497500000000E+00   1.002542878173E+00
 3.502500000000E+00   1.001289220774E+00
 3.507500000000E+00   9.992231003820E-01
 3.512500000000E+00   1.000060454689E+00
 3.517500000000E+00   9.998558343813E-01
 3.522500000000E+00   9.995252079360E-01
 3.527500000000E+00   1.001285978837E+00
 3.532500000000E+00   9.970637829516E-01
 3.537500000000E+00   9.985958425531E-01
 3.542500000000E+00   1.000429808800E+00
 3.547500000000E+00   9.991940464730E-01
 3.552500000000E+00   1.000017381422E+00
 3.557500000000E+00   9.966711141617E-01
 3.562500000000E+00   9.987892227696E-01
 3.567500000000E+00   9.973580685206E-01
 3.572500000000E+00   9.987383132501E-01
 3.577500000000E+00   9.974129393739E-01
 3.582500000000E+00   9.989978024613E-01
 3.587500000000E+00   9.960825149227E-01
 3.592500000000E+00   9.951467445705E-01
 3.597500000000E+00   9.984702270201E-01
 3.602500000000E+00   9.961224092852E-01
 3.607500000000E+00   9.968968947872E-01
 3.612500000000E+00   9.969315409468E-01
 3.617500000000E+00   9.962188487711E-01
 3.622500000000E+00   9.960845719282E-01
 3.627500000000E+00   9.945190740632E-01
 3.632500000000E+00   9.963993793112E-01
 3.637500000000E+00   9.963775904373E-01
 3.642500000000E+00   9.980660934190E-01
 3.647500000000E+00   9.985510711621E-01
 3.652500000000E+00   9.947444066456E-01
 3.657500000000E+00   9.955671882340E-01
 3.662500000000E+00   9.964197397432E-01
 3.667500000000E+00   9.957209746120E-01
 3.672500000000E+00   9.972464563444E-01
 3.677500000000E+00   9.963460470190E-01
 3.682500000000E+00   9.982166358118E-01
 3.687500000000E+00   9.966631744649E-01
 3.692500000000E+00   9.951387406000E-01
 3.697500000000E+00   9.950847818610E-01
 3.702500000000E+00   9.946801153886E-01
 3.707500000000E+00   9.935200093700E-01
 3.712500000000E+00   9.932992718341E-01
 3.717500000000E+00   9.944065052353E-01
 3.722500000000E+00   9.933008275467E-01
 3.727500000000E+00   9.957347197951E-01
 3.732500000000E+00   9.952713235356E-01
 3.737500000000E+00   9.966425640841E-01
 3.742500000000E+00   9.932813374659E-01
 3.747500000000E+00   9.929136524760E-01
 3.752500000000E+00   9.940327263195E-01
 3.757500000000E+00   9.948988443316E-01
 3.762500000000E+00   9.934255834610E-01
 3.767500000000E+00   9.933811060360E-01
 3.772500000000E+00   9.954697903705E-01
 3.777500000000E+00   9.943335196141E-01
 3.782500000000E+00   9.941057151355E-01
 3.787500000000E+00   9.969590805458E-01
 3.792500000000E+00   9.951110562561E-01
 3.797500000000E+00   9.933840795700E-01
 3.802500000000E+00   9.951146349410E-01
 3.807500000000E+00   9.948179183685E-01
 3.812500000000E+00   9.947733661458E-01
 3.817500000000E+00   9.968871162149E-01
 3.822500000000E+00   9.985541980027E-01
 3.827500000000E+00   9.995399497385E-01
 3.832500000000E+00   9.981679883465E-01
 3.837500000000E+00   9.970297614504E-01
 3.842500000000E+00   9.978947210636E-01
 3.847500000000E+00   9.976784054573E-01
 3.852500000000E+00   9.984103774736E-01
 3.857500000000E+00   9.969806677572E-01
 3.862500000000E+00   9.959134550171E-01
 3.867500000000E+00   9.964181020144E-01
 3.872500000000E+00   9.970866314740E-01
 3.877500000000E+00   9.965560365747E-01
 3.882500000000E+00   9.963813166205E-01
 3.887500000000E+00   9.984283945244E-01
 3.892500000000E+00   9.970616748133E-01
 3.897500000000E+00   9.978259809362E-01
 3.902500000000E+00   9.967705761606E-01
 3.907500000000E+00   9.970365263532E-01
 3.912500000000E+00   9.977453524431E-01
 3.917500000000E+00   9.984141279431E-01
 3.922500000000E+00   9.982702383149E-01
 3.927500000000E+00   9.997218676519E-01
 3.932500000000E+00   9.972405593534E-01
 3.937500000000E+00   9.973259569097E-01
 3.942500000000E+00   9.965885575088E-01
 3.947500000000E+00   9.983732075436E-01
 3.952500000000E+00   9.966215126075E-01
 3.957500000000E+00   9.980086182120E-01
 3.962500000000E+00   9.966852302240E-01
 3.967500000000E+00   9.979262065479E-01
 3.972500000000E+00   9.956028863449E-01
 3.977500000000E+00   9.988380099539E-01
 3.982500000000E+00   1.000131894462E+00
 3.987500000000E+00   1.000067652971E+00
 3.992500000000E+00   9.973566765578E-01
 3.997500000000E+00   9.993905348029E-01
 4.002500000000E+00   9.985228900907E-01
 4.007500000000E+00   9.984032778629E-01
 4.012500000000E+00   9.982432009255E-01
 4.017500000000E+00   9.993556204383E-01
 4.022500000000E+00   1.000070700516E+00
 4.027500000000E+00   1.001907901554E+00
 4.032500000000E+00   9.972794419293E-01
 4.037500000000E+00   9.986428153342E-01
 4.042500000000E+00   1.000320514538E+00
 4.047500000000E+00   1.001725739533E+00
 4.052500000000E+00   9.984708005298E-01
 4.057500000000E+00   9.972783107324E-01
 4.062500000000E+00   9.981006766457E-01
 4.067500000000E+00   1.000578284806E+00
 4.072500000000E+00   9.998885743152E-01
 4.077500000000E+00   9.978008631061E-01
 4.082500000000E+00   1.000032035349E+00
 4.087500000000E+00   9.996079785617E-01
 4.092500000000E+00   1.001530531112E+00
 4.097500000000E+00   1.000983660623E+00
 4.102500000000E+00   9.996164257381E-01
 4.107500000000E+00   1.001280598523E+00
 4.112500000000E+00   1.000595430636E+00
 4.117500000000E+00   1.000104395138E+00
 4.122500000000E+00   9.993146212261E-01
 4.127500000000E+00   9.981580304164E-01
 4.132500000000E+00   1.002109723296E+00
 4.137500000000E+00   1.001011578626E+00
 4.142500000000E+00   9.997718710078E-01
 4.147500000000E+00   1.003769780385E+00
 4.152500000000E+00   1.001574012548E+00
 4.157500000000E+00   1.002758159898E+00
 4.162500000000E+00   1.002715341393E+00
 4.167500000000E+00   1.001568736344E+00
 4.172500000000E+00   1.002029297010E+00
 4.177500000000E+00   1.001823778544E+00
 4.182500000000E+00   1.001515935768E+00
 4.187500000000E+00   1.001430346648E+00
 4.192500000000E+00   1.003070677278E+00
 4.197500000000E+00   1.001155028699E+00
 4.202500000000E+00   1.001900125196E+00
 4.207500000000E+00   9.995188776026E-01
 4.212500000000E+00   1.001240239470E+00
 4.217500000000E+00   1.001244134202E+00
 4.222500000000E+00   1.000742462714E+00
 4.227500000000E+00   1.001330381500E+00
 4.232500000000E+00   1.000887830868E+00
 4.237500000000E+00   1.002015884184E+00
 4.242500000000E+00   1.000473180698E+00
 4.247500000000E+00   1.000988656570E+00
 4.252500000000E+00   9.999767243910E-01
 4.257500000000E+00   9.980873442062E-01
 4.262500000000E+00   1.003211865379E+00
 4.267500000000E+00   1.001891555523E+00
 4.272500000000E+00   9.995353955654E-01
 4.277500000000E+00   1.002925677214E+00
 4.282500000000E+00   9.995895750619E-01
 4.287500000000E+00   1.002240931241E+00
 4.292500000000E+00   9.999516512163E-01
 4.297500000000E+00   1.002090809874E+00
 4.302500000000E+00   1.001750843953E+00
 4.307500000000E+00   1.000763341735E+00
 4.312500000000E+00   1.003117317193E+00
 4.317500000000E+00   1.000134105842E+00
 4.322500000000E+00   1.000439825569E+00
 4.327500000000E+00   1.000703389334E+00
 4.332500000000E+00   1.000855898059E+00
 4.337500000000E+00   9.982777242265E-01
 4.342500000000E+00   1.000394630176E+00
 4.347500000000E+00   9.997803324285E-01
 4.352500000000E+00   1.000687844981E+00
 4.357500000000E+00   9.997659897854E-01
 4.362500000000E+00   1.000401870237E+00
 4.367500000000E+00   9.995757584352E-01
 4.372500000000E+00   9.998842767566E-01
 4.377500000000E+00   9.999721697306E-01
 4.382500000000E+00   9.983029518948E-01
 4.387500000000E+00   9.976996553743E-01
 4.392500000000E+00   9.995909874201E-01
 4.397500000000E+00   1.000854868334E+00
 4.402500000000E+00   9.999465434099E-01
 4.407500000000E+00   1.000583951739E+00
 4.412500000000E+00   1.001232907254E+00
 4.417500000000E+00   1.000934203714E+00
 4.422500000000E+00   1.001692800578E+00
 4.427500000000E+00   9.999486623770E-01
 4.432500000000E+00   1.000761885101E+00
 4.437500000000E+00   1.002540093537E+00
 4.442500000000E+00   1.000816258073E+00
 4.447500000000E+00   9.993036174509E-01
 4.452500000000E+00   1.000396344566E+00
 4.457500000000E+00   1.000633228163E+00
 4.462500000000E+00   1.000050700214E+00
 4.467500000000E+00   9.994886860073E-01
 4.472500000000E+00   9.996179403315E-01
 4.477500000000E+00   1.001060042308E+00
 4.482500000000E+00   9.991220524677E-01
 4.487500000000E+00   9.993158943167E-01
 4.492500000000E+00   1.002256953844E+00
 4.497500000000E+00   1.000453972729E+00
 4.502500000000E+00   1.000844692583E+00
 4.507500000000E+00   9.977782684079E-01
 4.512500000000E+00   9.982645648974E-01
 4.517500000000E+00   9.979576576744E-01
 4.522500000000E+00   9.968217156960E-01
 4.527500000000E+00   9.982164157604E-01
 4.532500000000E+00   9.983121661587E-01
 4.537500000000E+00   9.969641743103E-01
 4.542500000000E+00   9.974572694071E-01
 4.547500000000E+00   9.974901732855E-01
 4.552500000000E+00   9.989077104139E-01
 4.557500000000E+00   9.992598262289E-01
 4.562500000000E+00   9.953252135246E-01
 4.567500000000E+00   1.000751765856E+00
 4.572500000000E+00   9.979443900802E-01
 4.577500000000E+00   9.976273120955E-01
 4.582500000000E+00   9.972049532672E-01
 4.587500000000E+00   9.976750498116E-01
 4.592500000000E+00   9.948120066673E-01
 4.597500000000E+00   9.978803931359E-01
 4.602500000000E+00   9.990241181278E-01
 4.607500000000E+00   9.973548414290E-01
 4.612500000000E+00   9.990693731921E-01
 4.617500000000E+00   9.972735471494E-01
 4.622500000000E+00   9.976390300842E-01
 4.627500000000E+00   9.978947687508E-01
 4.632500000000E+00   9.972452533807E-01
 4.637500000000E+00   9.982799452213E-01
 4.642500000000E+00   9.953639985949E-01
 4.647500000000E+00   9.971317039248E-01
 4.652500000000E+00   9.982165953309E-01
 4.657500000000E+00   9.958279796150E-01
 4.662500000000E+00   9.975940374703E-01
 4.667500000000E+00   9.956928083054E-01
 4.672500000000E+00   9.996701701362E-01
 4.677500000000E+00   9.988958765828E-01
 4.682500000000E+00   9.953259403251E-01
 4.687500000000E+00   9.966735498487E-01
 4.692500000000E+00   9.980825464071E-01
 4.697500000000E+00   9.981250287491E-01
 4.702500000000E+00   9.960277986289E-01
 4.707500000000E+00   9.988622825580E-01
 4.712500000000E+00   9.972919124210E-01
 4.717500000000E+00   9.962934941463E-01
 4.722500000000E+00   9.996736469908E-01
 4.727500000000E+00   9.998150495068E-01
 4.732500000000E+00   9.980218672780E-01
 4.737500000000E+00   9.984918718672E-01
 4.742500000000E+00   1.000948094608E+00
 4.747500000000E+00   9.994419016833E-01
 4.752500000000E+00   9.960750321207E-01
 4.757500000000E+00   9.983691158717E-01
 4.762500000000E+00   9.986484487391E-01
 4.767500000000E+00   9.996268816212E-01
 4.772500000000E+00   9.985675881815E-01
 4.777500000000E+00   9.971981474142E-01
 4.782500000000E+00   9.991566984988E-01
 4.787500000000E+00   9.960497482840E-01
 4.792500000000E+00   9.964049793689E-01
 4.797500000000E+00   9.985876498245E-01
 4.802500000000E+00   9.973816572674E-01
 4.807500000000E+00   9.979083398201E-01
 4.812500000000E+00   9.967099506732E-01
 4.817500000000E+00   9.972348367005E-01
 4.822500000000E+00   9.965553353395E-01
 4.827500000000E+00   9.974587179041E-01
 4.832500000000E+00   9.966508030911E-01
 4.837500000000E+00   1.000194612968E+00
 4.842500000000E+00   9.975155935910E-01
 4.847500000000E+00   9.995248601612E-01
 4.852500000000E+00   9.982447558746E-01
 4.857500000000E+00   9.983405834238E-01
 4.862500000000E+00   9.983423599440E-01
 4.867500000000E+00   9.992566781519E-01
 4.872500000000E+00   9.991418856918E-01
 4.877500000000E+00   9.983639572158E-01
 4.882500000000E+00   1.001245728349E+00
 4.887500000000E+00   9.989039694650E-01
 4.892500000000E+00   9.993101521258E-01
 4.897500000000E+00   9.995947487756E-01
 4.902500000000E+00   9.971743567546E-01
 4.907500000000E+00   9.995356913378E-01
 4.912500000000E+00   1.000438671454E+00
 4.917500000000E+00   9.971721320057E-01
 4.922500000000E+00   1.000789793814E+00
 4.927500000000E+00   1.000513364837E+00
 4.932500000000E+00   9.988313808350E-01
 4.937500000000E+00   1.000443416876E+00
 4.942500000000E+00   1.000025617712E+00
 4.947500000000E+00   9.979772758876E-01
 4.952500000000E+00   9.992886271052E-01
 4.957500000000E+00   9.993731342085E-01
 4.962500000000E+00   9.977098056556E-01
 4.967500000000E+00   9.985185702577E-01
 4.972500000000E+00   9.978781613688E-01
 4.977500000000E+00   9.997688048840E-01
 4.982500000000E+00   9.991121247642E-01
 4.987500000000E+00   9.976831707835E-01
 4.992500000000E+00   9.998674384463E-01
 4.997500000000E+00   9.997927296287E-01
