 2.500000000000E-03   0.000000000000E+00
 7.500000000000E-03   0.000000000000E+00
 1.250000000000E-02   0.000000000000E+00
 1.750000000000E-02   0.000000000000E+00
 2.250000000000E-02   0.000000000000E+00
 2.750000000000E-02   0.000000000000E+00
 3.250000000000E-02   0.000000000000E+00
 3.750000000000E-02   0.000000000000E+00
 4.250000000000E-02   0.000000000000E+00
 4.750000000000E-02   0.000000000000E+00
 5.250000000000E-02   0.000000000000E+00
 5.750000000000E-02   0.000000000000E+00
 6.250000000000E-02   0.000000000000E+00
 6.750000000000E-02   0.000000000000E+00
 7.250000000000E-02   0.000000000000E+00
 7.750000000000E-02   0.000000000000E+00
 8.250000000000E-02   0.000000000000E+00
 8.750000000000E-02   0.000000000000E+00
 9.250000000000E-02   0.000000000000E+00
 9.750000000000E-02   0.000000000000E+00
 1.025000000000E-01   0.000000000000E+00
 1.075000000000E-01   0.000000000000E+00
 1.125000000000E-01   0.000000000000E+00
 1.175000000000E-01   0.000000000000E+00
 1.225000000000E-01   0.000000000000E+00
 1.275000000000E-01   0.000000000000E+00
 1.325000000000E-01   0.000000000000E+00
 1.375000000000E-01   0.000000000000E+00
 1.425000000000E-01   0.000000000000E+00
 1.475000000000E-01   0.000000000000E+00
 1.525000000000E-01   0.000000000000E+00
 1.575000000000E-01   0.000000000000E+00
 1.625000000000E-01   0.000000000000E+00
 1.675000000000E-01   0.000000000000E+00
 1.725000000000E-01   0.000000000000E+00
 1.775000000000E-01   0.000000000000E+00
 1.825000000000E-01   0.000000000000E+00
 1.875000000000E-01   0.000000000000E+00
 1.925000000000E-01   0.000000000000E+00
 1.975000000000E-01   0.000000000000E+00
 2.025000000000E-01   0.000000000000E+00
 2.075000000000E-01   0.000000000000E+00
 2.125000000000E-01   0.000000000000E+00
 2.175000000000E-01   0.000000000000E+00
 2.225000000000E-01   0.000000000000E+00
 2.275000000000E-01   0.000000000000E+00
 2.325000000000E-01   0.000000000000E+00
 2.375000000000E-01   0.000000000000E+00
 2.425000000000E-01   0.000000000000E+00
 2.475000000000E-01   0.000000000000E+00
 2.525000000000E-01   0.000000000000E+00
 2.575000000000E-01   0.000000000000E+00
 2.625000000000E-01   0.000000000000E+00
 2.675000000000E-01   0.000000000000E+00
 2.725000000000E-01   0.000000000000E+00
 2.775000000000E-01   0.000000000000E+00
 2.825000000000E-01   0.000000000000E+00
 2.875000000000E-01   0.000000000000E+00
 2.925000000000E-01   0.000000000000E+00
 2.975000000000E-01   0.000000000000E+00
 3.025000000000E-01   0.000000000000E+00
 3.075000000000E-01   0.000000000000E+00
 3.125000000000E-01   0.000000000000E+00
 3.175000000000E-01   0.000000000000E+00
 3.225000000000E-01   0.000000000000E+00
 3.275000000000E-01   0.000000000000E+00
 3.325000000000E-01   0.000000000000E+00
 3.375000000000E-01   0.000000000000E+00
 3.425000000000E-01   0.000000000000E+00
 3.475000000000E-01   0.000000000000E+00
 3.525000000000E-01   0.000000000000E+00
 3.575000000000E-01   0.000000000000E+00
 3.625000000000E-01   0.000000000000E+00
 3.675000000000E-01   0.000000000000E+00
 3.725000000000E-01   0.000000000000E+00
 3.775000000000E-01   0.000000000000E+00
 3.825000000000E-01   0.000000000000E+00
 3.875000000000E-01   0.000000000000E+00
 3.925000000000E-01   0.000000000000E+00
 3.975000000000E-01   0.000000000000E+00
 4.025000000000E-01   0.000000000000E+00
 4.075000000000E-01   0.000000000000E+00
 4.125000000000E-01   0.000000000000E+00
 4.175000000000E-01   0.000000000000E+00
 4.225000000000E-01   0.000000000000E+00
 4.275000000000E-01   0.000000000000E+00
 4.325000000000E-01   0.000000000000E+00
 4.375000000000E-01   0.000000000000E+00
 4.425000000000E-01   0.000000000000E+00
 4.475000000000E-01   0.000000000000E+00
 4.525000000000E-01   0.000000000000E+00
 4.575000000000E-01   0.000000000000E+00
 4.625000000000E-01   0.000000000000E+00
 4.675000000000E-01   0.000000000000E+00
 4.725000000000E-01   0.000000000000E+00
 4.775000000000E-01   0.000000000000E+00
 4.825000000000E-01   0.000000000000E+00
 4.875000000000E-01   0.000000000000E+00
 4.925000000000E-01   0.000000000000E+00
 4.975000000000E-01   0.000000000000E+00
 5.025000000000E-01   0.000000000000E+00
 5.075000000000E-01   0.000000000000E+00
 5.125000000000E-01   0.000000000000E+00
 5.175000000000E-01   0.000000000000E+00
 5.225000000000E-01   0.000000000000E+00
 5.275000000000E-01   0.000000000000E+00
 5.325000000000E-01   0.000000000000E+00
 5.375000000000E-01   0.000000000000E+00
 5.425000000000E-01   0.000000000000E+00
 5.475000000000E-01   0.000000000000E+00
 5.525000000000E-01   0.000000000000E+00
 5.575000000000E-01   0.000000000000E+00
 5.625000000000E-01   0.000000000000E+00
 5.675000000000E-01   0.000000000000E+00
 5.725000000000E-01   0.000000000000E+00
 5.775000000000E-01   0.000000000000E+00
 5.825000000000E-01   0.000000000000E+00
 5.875000000000E-01   0.000000000000E+00
 5.925000000000E-01   0.000000000000E+00
 5.975000000000E-01   0.000000000000E+00
 6.025000000000E-01   0.000000000000E+00
 6.075000000000E-01   0.000000000000E+00
 6.125000000000E-01   0.000000000000E+00
 6.175000000000E-01   0.000000000000E+00
 6.225000000000E-01   0.000000000000E+00
 6.275000000000E-01   0.000000000000E+00
 6.325000000000E-01   0.000000000000E+00
 6.375000000000E-01   0.000000000000E+00
 6.425000000000E-01   0.000000000000E+00
 6.475000000000E-01   0.000000000000E+00
 6.525000000000E-01   0.000000000000E+00
 6.575000000000E-01   0.000000000000E+00
 6.625000000000E-01   0.000000000000E+00
 6.675000000000E-01   0.000000000000E+00
 6.725000000000E-01   0.000000000000E+00
 6.775000000000E-01   0.000000000000E+00
 6.825000000000E-01   0.000000000000E+00
 6.875000000000E-01   0.000000000000E+00
 6.925000000000E-01   0.000000000000E+00
 6.975000000000E-01   0.000000000000E+00
 7.025000000000E-01   0.000000000000E+00
 7.075000000000E-01   0.000000000000E+00
 7.125000000000E-01   0.000000000000E+00
 7.175000000000E-01   0.000000000000E+00
 7.225000000000E-01   0.000000000000E+00
 7.275000000000E-01   0.000000000000E+00
 7.325000000000E-01   0.000000000000E+00
 7.375000000000E-01   0.000000000000E+00
 7.425000000000E-01   0.000000000000E+00
 7.475000000000E-01   0.000000000000E+00
 7.525000000000E-01   0.000000000000E+00
 7.575000000000E-01   0.000000000000E+00
 7.625000000000E-01   0.000000000000E+00
 7.675000000000E-01   0.000000000000E+00
 7.725000000000E-01   0.000000000000E+00
 7.775000000000E-01   0.000000000000E+00
 7.825000000000E-01   0.000000000000E+00
 7.875000000000E-01   0.000000000000E+00
 7.925000000000E-01   0.000000000000E+00
 7.975000000000E-01   0.000000000000E+00
 8.025000000000E-01   0.000000000000E+00
 8.075000000000E-01   0.000000000000E+00
 8.125000000000E-01   0.000000000000E+00
 8.175000000000E-01   0.000000000000E+00
 8.225000000000E-01   0.000000000000E+00
 8.275000000000E-01   0.000000000000E+00
 8.325000000000E-01   0.000000000000E+00
 8.375000000000E-01   0.000000000000E+00
 8.425000000000E-01   0.000000000000E+00
 8.475000000000E-01   0.000000000000E+00
 8.525000000000E-01   3.503887018111E-05
 8.575000000000E-01   6.926289215101E-05
 8.625000000000E-01   2.053865221318E-04
 8.675000000000E-01   1.691881530426E-04
 8.725000000000E-01   4.014110287613E-04
 8.775000000000E-01   1.190548767493E-03
 8.825000000000E-01   2.125312913732E-03
 8.875000000000E-01   4.396844945477E-03
 8.925000000000E-01   6.201892851838E-03
 8.975000000000E-01   1.036916822313E-02
 9.025000000000E-01   1.825817769309E-02
 9.075000000000E-01   2.649882213981E-02
 9.125000000000E-01   4.150048088245E-02
 9.175000000000E-01   5.904820593737E-02
 9.225000000000E-01   8.297670232490E-02
 9.275000000000E-01   1.109753865380E-01
 9.325000000000E-01   1.461601441599E-01
 9.375000000000E-01   1.934251133657E-01
 9.425000000000E-01   2.432935414580E-01
 9.475000000000E-01   2.968099120092E-01
 9.525000000000E-01   3.628611659892E-01
 9.575000000000E-01   4.339640887559E-01
 9.625000000000E-01   5.045083849793E-01
 9.675000000000E-01   5.861977770606E-01
 9.725000000000E-01   6.702505464664E-01
 9.775000000000E-01   7.592199227374E-01
 9.825000000000E-01   8.469548518681E-01
 9.875000000000E-01   9.410780822909E-01
 9.925000000000E-01   1.026312482317E+00
 9.975000000000E-01   1.106084000313E+00
 1.002500000000E+00   1.192325103572E+00
 1.007500000000E+00   1.276252077979E+00
 1.012500000000E+00   1.358740417601E+00
 1.017500000000E+00   1.428014034239E+00
 1.022500000000E+00   1.494507044547E+00
 1.027500000000E+00   1.553394253412E+00
 1.032500000000E+00   1.611001798505E+00
 1.037500000000E+00   1.668990732603E+00
 1.042500000000E+00   1.730786483796E+00
 1.047500000000E+00   1.765034858129E+00
 1.052500000000E+00   1.803934974389E+00
 1.057500000000E+00   1.847054566129E+00
 1.062500000000E+00   1.859080679272E+00
 1.067500000000E+00   1.886823184993E+00
 1.072500000000E+00   1.894774817045E+00
 1.077500000000E+00   1.909648208702E+00
 1.082500000000E+00   1.928013010918E+00
 1.087500000000E+00   1.932718039586E+00
 1.092500000000E+00   1.941096698576E+00
 1.097500000000E+00   1.936452345113E+00
 1.102500000000E+00   1.935310839721E+00
 1.107500000000E+00   1.922796123608E+00
 1.112500000000E+00   1.922525786897E+00
 1.117500000000E+00   1.911906091069E+00
 1.122500000000E+00   1.887635876236E+00
 1.127500000000E+00   1.891122662122E+00
 1.132500000000E+00   1.882482189192E+00
 1.137500000000E+00   1.857290183860E+00
 1.142500000000E+00   1.850023878396E+00
 1.147500000000E+00   1.830281744833E+00
 1.152500000000E+00   1.810735137026E+00
 1.157500000000E+00   1.793300844241E+00
 1.162500000000E+00   1.773102795437E+00
 1.167500000000E+00   1.748588431680E+00
 1.172500000000E+00   1.727131216471E+00
 1.177500000000E+00   1.708343854066E+00
 1.182500000000E+00   1.679668212369E+00
 1.187500000000E+00   1.664758880120E+00
 1.192500000000E+00   1.654767463915E+00
 1.197500000000E+00   1.623735020017E+00
 1.202500000000E+00   1.621636439219E+00
 1.207500000000E+00   1.593633935240E+00
 1.212500000000E+00   1.571372128830E+00
 1.217500000000E+00   1.549026392519E+00
 1.222500000000E+00   1.535171587109E+00
 1.227500000000E+00   1.507007032148E+00
 1.232500000000E+00   1.498442300573E+00
 1.237500000000E+00   1.475599612990E+00
 1.242500000000E+00   1.456720691628E+00
 1.247500000000E+00   1.443577970947E+00
 1.252500000000E+00   1.426945964599E+00
 1.257500000000E+00   1.407279380364E+00
 1.262500000000E+00   1.385450565391E+00
 1.267500000000E+00   1.366584599523E+00
 1.272500000000E+00   1.351777530414E+00
 1.277500000000E+00   1.334195316629E+00
 1.282500000000E+00   1.320870961518E+00
 1.287500000000E+00   1.304425493337E+00
 1.292500000000E+00   1.286395766921E+00
 1.297500000000E+00   1.281310540132E+00
 1.302500000000E+00   1.261135135115E+00
 1.307500000000E+00   1.248737626234E+00
 1.312500000000E+00   1.238724189297E+00
 1.317500000000E+00   1.224645471212E+00
 1.322500000000E+00   1.201367492561E+00
 1.327500000000E+00   1.199025088491E+00
 1.332500000000E+00   1.185368226279E+00
 1.337500000000E+00   1.173518688600E+00
 1.342500000000E+00   1.162250465282E+00
 1.347500000000E+00   1.140823006065E+00
 1.352500000000E+00   1.135104327102E+00
 1.357500000000E+00   1.129328244840E+00
 1.362500000000E+00   1.114813472684E+00
 1.367500000000E+00   1.102005515439E+00
 1.372500000000E+00   1.097978798151E+00
 1.377500000000E+00   1.083178203425E+00
 1.382500000000E+00   1.081699311353E+00
 1.387500000000E+00   1.068547021421E+00
 1.392500000000E+00   1.056894922234E+00
 1.397500000000E+00   1.052670586707E+00
 1.402500000000E+00   1.051457086698E+00
 1.407500000000E+00   1.031839964072E+00
 1.412500000000E+00   1.030418954203E+00
 1.417500000000E+00   1.022642902927E+00
 1.422500000000E+00   1.003800682338E+00
 1.427500000000E+00   1.010352294945E+00
 1.432500000000E+00   9.991543955514E-01
 1.437500000000E+00   9.938918083662E-01
 1.442500000000E+00   9.834035019687E-01
 1.447500000000E+00   9.826252810326E-01
 1.452500000000E+00   9.780203300095E-01
 1.457500000000E+00   9.719329408753E-01
 1.462500000000E+00   9.638223291500E-01
 1.467500000000E+00   9.594414514874E-01
 1.472500000000E+00   9.540055247880E-01
 1.477500000000E+00   9.522022358796E-01
 1.482500000000E+00   9.472500163101E-01
 1.487500000000E+00   9.376011732797E-01
 1.492500000000E+00   9.335016410362E-01
 1.497500000000E+00   9.264380133010E-01
 1.502500000000E+00   9.293063360535E-01
 1.507500000000E+00   9.253818748685E-01
 1.512500000000E+00   9.171476726291E-01
 1.517500000000E+00   9.094329899961E-01
 1.522500000000E+00   9.033157175444E-01
 1.527500000000E+00   9.057935377805E-01
 1.532500000000E+00   8.998058817553E-01
 1.537500000000E+00   8.994999825142E-01
 1.542500000000E+00   8.923829816650E-01
 1.547500000000E+00   8.896456213388E-01
 1.552500000000E+00   8.887632956263E-01
 1.557500000000E+00   8.874225544883E-01
 1.562500000000E+00   8.789672335421E-01
 1.567500000000E+00   8.803851185730E-01
 1.572500000000E+00   8.802945929357E-01
 1.577500000000E+00   8.749687177198E-01
 1.582500000000E+00   8.710550347885E-01
 1.587500000000E+00   8.679916807225E-01
 1.592500000000E+00   8.704018771583E-01
 1.597500000000E+00   8.666282649270E-01
 1.602500000000E+00   8.635590278547E-01
 1.607500000000E+00   8.643347233197E-01
 1.612500000000E+00   8.639285674213E-01
 1.617500000000E+00   8.611846966419E-01
 1.622500000000E+00   8.608184494710E-01
 1.627500000000E+00   8.559603811292E-01
 1.632500000000E+00   8.613217267744E-01
 1.637500000000E+00   8.589378140734E-01
 1.642500000000E+00   8.566613123235E-01
 1.647500000000E+00   8.639379330743E-01
 1.652500000000E+00   8.610210976855E-01
 1.657500000000E+00   8.615439410836E-01
 1.662500000000E+00   8.639705132623E-01
 1.667500000000E+00   8.568921558993E-01
 1.672500000000E+00   8.609162930055E-01
 1.677500000000E+00   8.622892000821E-01
 1.682500000000E+00   8.606260783503E-01
 1.687500000000E+00   8.565083486791E-01
 1.692500000000E+00   8.575357063157E-01
 1.697500000000E+00   8.629370971204E-01
 1.702500000000E+00   8.642102290765E-01
 1.707500000000E+00   8.593397987254E-01
 1.712500000000E+00   8.600165660990E-01
 1.717500000000E+00   8.561905302107E-01
 1.722500000000E+00   8.660064422437E-01
 1.727500000000E+00   8.647125103322E-01
 1.732500000000E+00   8.601527832292E-01
 1.737500000000E+00   8.685452817147E-01
 1.742500000000E+00   8.737830328460E-01
 1.747500000000E+00   8.708413543035E-01
 1.752500000000E+00   8.754806593080E-01
 1.757500000000E+00   8.769203477785E-01
 1.762500000000E+00   8.761982802984E-01
 1.767500000000E+00   8.814614609401E-01
 1.772500000000E+00   8.761712833609E-01
 1.777500000000E+00   8.840720196148E-01
 1.782500000000E+00   8.882478544688E-01
 1.787500000000E+00   8.901475915474E-01
 1.792500000000E+00   8.857908957366E-01
 1.797500000000E+00   8.967035318835E-01
 1.802500000000E+00   8.898232563474E-01
 1.807500000000E+00   8.876819281234E-01
 1.812500000000E+00   8.974646548610E-01
 1.817500000000E+00   8.998338474104E-01
 1.822500000000E+00   9.065105482240E-01
 1.827500000000E+00   9.037986247619E-01
 1.832500000000E+00   9.110367389782E-01
 1.837500000000E+00   9.105729403428E-01
 1.842500000000E+00   9.184044670123E-01
 1.847500000000E+00   9.185655298076E-01
 1.852500000000E+00   9.149567864327E-01
 1.857500000000E+00   9.273448057430E-01
 1.862500000000E+00   9.256978717331E-01
 1.867500000000E+00   9.298819417061E-01
 1.872500000000E+00   9.369277736700E-01
 1.877500000000E+00   9.352816322105E-01
 1.882500000000E+00   9.423488217750E-01
 1.887500000000E+00   9.374772239365E-01
 1.892500000000E+00   9.446597437616E-01
 1.897500000000E+00   9.508412800993E-01
 1.902500000000E+00   9.485445677716E-01
 1.907500000000E+00   9.552310354863E-01
 1.912500000000E+00   9.574068420618E-01
 1.917500000000E+00   9.625320082311E-01
 1.922500000000E+00   9.663094696929E-01
 1.927500000000E+00   9.667448597879E-01
 1.932500000000E+00   9.720381747938E-01
 1.937500000000E+00   9.719118293437E-01
 1.942500000000E+00   9.729481701951E-01
 1.947500000000E+00   9.755187301359E-01
 1.952500000000E+00   9.803079749971E-01
 1.957500000000E+00   9.854210675962E-01
 1.962500000000E+00   9.876130889089E-01
 1.967500000000E+00   9.945064684512E-01
 1.972500000000E+00   9.961926597431E-01
 1.977500000000E+00   9.983374945883E-01
 1.982500000000E+00   1.002320500606E+00
 1.987500000000E+00   1.009822214171E+00
 1.992500000000E+00   1.007890594164E+00
 1.997500000000E+00   1.011518097535E+00
 2.002500000000E+00   1.022736270614E+00
 2.007500000000E+00   1.021527732123E+00
 2.012500000000E+00   1.019488632037E+00
 2.017500000000E+00   1.028474396025E+00
 2.022500000000E+00   1.028687056504E+00
 2.027500000000E+00   1.037334642002E+00
 2.032500000000E+00   1.035929558118E+00
 2.037500000000E+00   1.036942556723E+00
 2.042500000000E+00   1.040368735403E+00
 2.047500000000E+00   1.044034610031E+00
 2.052500000000E+00   1.046364941694E+00
 2.057500000000E+00   1.046903838217E+00
 2.062500000000E+00   1.051741274347E+00
 2.067500000000E+00   1.049823730425E+00
 2.072500000000E+00   1.055388367569E+00
 2.077500000000E+00   1.054763054528E+00
 2.082500000000E+00   1.056157336497E+00
 2.087500000000E+00   1.052453853448E+00
 2.092500000000E+00   1.061463726536E+00
 2.097500000000E+00   1.057468369099E+00
 2.102500000000E+00   1.063591541502E+00
 2.107500000000E+00   1.068205711660E+00
 2.112500000000E+00   1.062299174080E+00
 2.117500000000E+00   1.065983311782E+00
 2.122500000000E+00   1.066291632369E+00
 2.127500000000E+00   1.068801931740E+00
 2.132500000000E+00   1.069753883546E+00
 2.137500000000E+00   1.066700192735E+00
 2.142500000000E+00   1.068184544544E+00
 2.147500000000E+00   1.072122771120E+00
 2.152500000000E+00   1.072253597230E+00
 2.157500000000E+00   1.067918592945E+00
 2.162500000000E+00   1.067685309838E+00
 2.167500000000E+00   1.073627350574E+00
 2.172500000000E+00   1.069468073291E+00
 2.177500000000E+00   1.072333537374E+00
 2.182500000000E+00   1.072419033326E+00
 2.187500000000E+00   1.067676478251E+00
 2.192500000000E+00   1.078926971853E+00
 2.197500000000E+00   1.073110486580E+00
 2.202500000000E+00   1.068312022668E+00
 2.207500000000E+00   1.068834308755E+00
 2.212500000000E+00   1.072576633544E+00
 2.217500000000E+00   1.062711612705E+00
 2.222500000000E+00   1.064518744016E+00
 2.227500000000E+00   1.068331314448E+00
 2.232500000000E+00   1.065073872512E+00
 2.237500000000E+00   1.060720915039E+00
 2.242500000000E+00   1.060614277608E+00
 2.247500000000E+00   1.055643339039E+00
 2.252500000000E+00   1.056989725345E+00
 2.257500000000E+00   1.055080966393E+00
 2.262500000000E+00   1.051875378437E+00
 2.267500000000E+00   1.051431589983E+00
 2.272500000000E+00   1.052233984563E+00
 2.277500000000E+00   1.049690672398E+00
 2.282500000000E+00   1.047051989726E+00
 2.287500000000E+00   1.050159072404E+00
 2.292500000000E+00   1.045326421891E+00
 2.297500000000E+00   1.047361794902E+00
 2.302500000000E+00   1.045065882422E+00
 2.307500000000E+00   1.045118663569E+00
 2.312500000000E+00   1.040337455080E+00
 2.317500000000E+00   1.041670864485E+00
 2.322500000000E+00   1.036472983700E+00
 2.327500000000E+00   1.036824001597E+00
 2.332500000000E+00   1.039680621969E+00
 2.337500000000E+00   1.034827421201E+00
 2.342500000000E+00   1.039245714095E+00
 2.347500000000E+00   1.031847524070E+00
 2.352500000000E+00   1.034694657097E+00
 2.357500000000E+00   1.033187737464E+00
 2.362500000000E+00   1.031688854631E+00
 2.367500000000E+00   1.029507383782E+00
 2.372500000000E+00   1.027339642793E+00
 2.377500000000E+00   1.028275975719E+00
 2.382500000000E+00   1.028446219797E+00
 2.387500000000E+00   1.023093268806E+00
 2.392500000000E+00   1.023296909378E+00
 2.397500000000E+00   1.021899513827E+00
 2.402500000000E+00   1.019560755271E+00
 2.407500000000E+00   1.018308989412E+00
 2.412500000000E+00   1.017233842239E+00
 2.417500000000E+00   1.016659946016E+00
 2.422500000000E+00   1.016450950377E+00
 2.427500000000E+00   1.013927436769E+00
 2.432500000000E+00   1.011855030575E+00
 2.437500000000E+00   1.015281426200E+00
 2.442500000000E+00   1.009037408247E+00
 2.447500000000E+00   1.005233470447E+00
 2.452500000000E+00   1.006934798770E+00
 2.457500000000E+00   1.005417859815E+00
 2.462500000000E+00   1.005866046872E+00
 2.467500000000E+00   1.002303973163E+00
 2.472500000000E+00   1.004385884865E+00
 2.477500000000E+00   1.000817197154E+00
 2.482500000000E+00   9.995003683280E-01
 2.487500000000E+00   9.964287463970E-01
 2.492500000000E+00   9.977841423354E-01
 2.497500000000E+00   9.937317732060E-01
 2.502500000000E+00   9.911310382094E-01
 2.507500000000E+00   9.924595014356E-01
 2.512500000000E+00   9.849191183418E-01
 2.517500000000E+00   9.901233511283E-01
 2.522500000000E+00   9.896718139635E-01
 2.527500000000E+00   9.857361556454E-01
 2.532500000000E+00   9.834001058708E-01
 2.537500000000E+00   9.896449132736E-01
 2.542500000000E+00   9.901565210840E-01
 2.547500000000E+00   9.876743711664E-01
 2.552500000000E+00   9.894134907988E-01
 2.557500000000E+00   9.864712918737E-01
 2.562500000000E+00   9.903000449504E-01
 2.567500000000E+00   9.867364634940E-01
 2.572500000000E+00   9.861983256645E-01
 2.577500000000E+00   9.864465380488E-01
 2.582500000000E+00   9.829130492705E-01
 2.587500000000E+00   9.844580857846E-01
 2.592500000000E+00   9.819147239241E-01
 2.597500000000E+00   9.823803729532E-01
 2.602500000000E+00   9.779174504625E-01
 2.607500000000E+00   9.822568357877E-01
 2.612500000000E+00   9.827912711717E-01
 2.617500000000E+00   9.808056334796E-01
 2.622500000000E+00   9.843819075063E-01
 2.627500000000E+00   9.843976376122E-01
 2.632500000000E+00   9.836528649374E-01
 2.637500000000E+00   9.805675206683E-01
 2.642500000000E+00   9.789863503244E-01
 2.647500000000E+00   9.779514388279E-01
 2.652500000000E+00   9.789876276582E-01
 2.657500000000E+00   9.804778470216E-01
 2.662500000000E+00   9.740004346080E-01
 2.667500000000E+00   9.766904600698E-01
 2.672500000000E+00   9.770752834521E-01
 2.677500000000E+00   9.760189405217E-01
 2.682500000000E+00   9.750061429020E-01
 2.687500000000E+00   9.787925708709E-01
 2.692500000000E+00   9.806579090022E-01
 2.697500000000E+00   9.770853398507E-01
 2.702500000000E+00   9.801605968004E-01
 2.707500000000E+00   9.797570241896E-01
 2.712500000000E+00   9.780588139418E-01
 2.717500000000E+00   9.808940314958E-01
 2.722500000000E+00   9.784934532943E-01
 2.727500000000E+00   9.793215155265E-01
 2.732500000000E+00   9.770606876398E-01
 2.737500000000E+00   9.819763480172E-01
 2.742500000000E+00   9.794790586084E-01
 2.747500000000E+00   9.782314556003E-01
 2.752500000000E+00   9.821457803558E-01
 2.757500000000E+00   9.824620227847E-01
 2.762500000000E+00   9.844646577300E-01
 2.767500000000E+00   9.785267602918E-01
 2.772500000000E+00   9.791481830987E-01
 2.777500000000E+00   9.811385677155E-01
 2.782500000000E+00   9.838549483140E-01
 2.787500000000E+00   9.835730728065E-01
 2.792500000000E+00   9.828297318076E-01
 2.797500000000E+00   9.846397020383E-01
 2.802500000000E+00   9.850979384247E-01
 2.807500000000E+00   9.864318868863E-01
 2.812500000000E+00   9.849944516558E-01
 2.817500000000E+00   9.872275543760E-01
 2.822500000000E+00   9.873449705185E-01
 2.827500000000E+00   9.845664191074E-01
 2.832500000000E+00   9.866669825648E-01
 2.837500000000E+00   9.857261892109E-01
 2.842500000000E+00   9.879533198358E-01
 2.847500000000E+00   9.847192248741E-01
 2.852500000000E+00   9.878422822306E-01
 2.857500000000E+00   9.870266750559E-01
 2.862500000000E+00   9.870063229438E-01
 2.867500000000E+00   9.850135521855E-01
 2.872500000000E+00   9.871517871459E-01
 2.877500000000E+00   9.866550885929E-01
 2.882500000000E+00   9.854693789708E-01
 2.887500000000E+00   9.847227072226E-01
 2.892500000000E+00   9.856006082026E-01
 2.897500000000E+00   9.896726239768E-01
 2.902500000000E+00   9.894668799180E-01
 2.907500000000E+00   9.911906033342E-01
 2.912500000000E+00   9.918219582002E-01
 2.917500000000E+00   9.906870374188E-01
 2.922500000000E+00   9.904991976696E-01
 2.927500000000E+00   9.910467134910E-01
 2.932500000000E+00   9.941787280245E-01
 2.937500000000E+00   9.950644648607E-01
 2.942500000000E+00   9.943032039865E-01
 2.947500000000E+00   9.960357535134E-01
 2.952500000000E+00   9.971958471531E-01
 2.957500000000E+00   9.963423291994E-01
 2.962500000000E+00   1.001645880595E+00
 2.967500000000E+00   9.984497345956E-01
 2.972500000000E+00   1.002632956281E+00
 2.977500000000E+00   1.004791937099E+00
 2.982500000000E+00   1.001133805512E+00
 2.987500000000E+00   1.002670123121E+00
 2.992500000000E+00   1.003098641338E+00
 2.997500000000E+00   1.002002457032E+00
 3.002500000000E+00   9.995634426476E-01
 3.007500000000E+00   1.003379489178E+00
 3.012500000000E+00   1.005893602010E+00
 3.017500000000E+00   1.002884451727E+00
 3.022500000000E+00   1.000817912741E+00
 3.027500000000E+00   1.003854858507E+00
 3.032500000000E+00   1.002654551164E+00
 3.037500000000E+00   1.003294853519E+00
 3.042500000000E+00   1.003078249430E+00
 3.047500000000E+00   1.002904276640E+00
 3.052500000000E+00   1.005355139825E+00
 3.057500000000E+00   1.004714672336E+00
 3.062500000000E+00   1.005362702836E+00
 3.067500000000E+00   1.001939063894E+00
 3.072500000000E+00   1.003541564948E+00
 3.077500000000E+00   1.005991446432E+00
 3.082500000000E+00   1.009808401577E+00
 3.087500000000E+00   1.005340992926E+00
 3.092500000000E+00   1.005687352608E+00
 3.097500000000E+00   1.007846951618E+00
 3.102500000000E+00   1.010146149276E+00
 3.107500000000E+00   1.010096830817E+00
 3.112500000000E+00   1.009511642152E+00
 3.117500000000E+00   1.010858682980E+00
 3.122500000000E+00   1.005479673810E+00
 3.127500000000E+00   1.008695142397E+00
 3.132500000000E+00   1.011980993745E+00
 3.137500000000E+00   1.007930332575E+00
 3.142500000000E+00   1.010676953139E+00
 3.147500000000E+00   1.011326697560E+00
 3.152500000000E+00   1.009059028845E+00
 3.157500000000E+00   1.010777515295E+00
 3.162500000000E+00   1.010270065252E+00
 3.167500000000E+00   1.009880069712E+00
 3.172500000000E+00   1.010289551980E+00
 3.177500000000E+00   1.008714101287E+00
 3.182500000000E+00   1.011872803058E+00
 3.187500000000E+00   1.008081725117E+00
 3.192500000000E+00   1.008771723734E+00
 3.197500000000E+00   1.008677876652E+00
 3.202500000000E+00   1.007174367686E+00
 3.207500000000E+00   1.006905488395E+00
 3.212500000000E+00   1.008715955771E+00
 3.217500000000E+00   1.007310092045E+00
 3.222500000000E+00   1.008752630796E+00
 3.227500000000E+00   1.006565841326E+00
 3.232500000000E+00   1.008340626046E+00
 3.237500000000E+00   1.005262479374E+00
 3.242500000000E+00   1.006834280190E+00
 3.247500000000E+00   1.004569361317E+00
 3.252500000000E+00   1.009677110475E+00
 3.257500000000E+00   1.008684549708E+00
 3.262500000000E+00   1.007255511524E+00
 3.267500000000E+00   1.007383197924E+00
 3.272500000000E+00   1.009457599887E+00
 3.277500000000E+00   1.006811433214E+00
 3.282500000000E+00   1.007459404971E+00
 3.287500000000E+00   1.004319466743E+00
 3.292500000000E+00   1.004062105564E+00
 3.297500000000E+00   1.007361390971E+00
 3.302500000000E+00   1.001691392454E+00
 3.307500000000E+00   1.007489718111E+00
 3.312500000000E+00   1.005687495211E+00
 3.317500000000E+00   1.006420490852E+00
 3.322500000000E+00   1.005264479868E+00
 3.327500000000E+00   1.007838961662E+00
 3.332500000000E+00   1.006903567205E+00
 3.337500000000E+00   1.008573131405E+00
 3.342500000000E+00   1.005361949477E+00
 3.347500000000E+00   1.006121815206E+00
 3.352500000000E+00   1.003804920445E+00
 3.357500000000E+00   1.007013727450E+00
 3.362500000000E+00   1.004656251103E+00
 3.367500000000E+00   1.006002273210E+00
 3.372500000000E+00   1.005685827639E+00
 3.377500000000E+00   1.003944880647E+00
 3.382500000000E+00   1.004894005512E+00
 3.387500000000E+00   1.005276156455E+00
 3.392500000000E+00   1.003366088282E+00
 3.397500000000E+00   1.005475759427E+00
 3.402500000000E+00   1.004370486709E+00
 3.407500000000E+00   1.004460440225E+00
 3.412500000000E+00   1.001982709608E+00
 3.417500000000E+00   1.004715264612E+00
 3.422500000000E+00   1.005031873456E+00
 3.427500000000E+00   1.000051175676E+00
 3.432500000000E+00   1.001648332807E+00
 3.437500000000E+00   1.000273107453E+00
 3.442500000000E+00   1.000803311029E+00
 3.447500000000E+00   9.994300738895E-01
 3.452500000000E+00   1.001378341461E+00
 3.457500000000E+00   1.000859333612E+00
 3.462500000000E+00   9.989287898458E-01
 3.467500000000E+00   9.994916350907E-01
 3.472500000000E+00   9.976501906975E-01
 3.477500000000E+00   9.997424110726E-01
 3.482500000000E+00   9.981230347778E-01
 3.487500000000E+00   9.959121280954E-01
 3.492500000000E+00   9.960375625235E-01
 3.497500000000E+00   9.961602911549E-01
 3.502500000000E+00   9.963052451145E-01
 3.507500000000E+00   9.966605918148E-01
 3.512500000000E+00   9.988014214082E-01
 3.517500000000E+00   9.990552236072E-01
 3.522500000000E+00   9.980003588929E-01
 3.527500000000E+00   9.971275459161E-01
 3.532500000000E+00   9.985596041215E-01
 3.537500000000E+00   9.981746143026E-01
 3.542500000000E+00   9.990276462233E-01
 3.547500000000E+00   9.990726387023E-01
 3.552500000000E+00   9.983063116397E-01
 3.557500000000E+00   9.998059707564E-01
 3.562500000000E+00   9.981491623380E-01
 3.567500000000E+00   9.988346874838E-01
 3.572500000000E+00   9.973655867847E-01
 3.577500000000E+00   9.987022446640E-01
 3.582500000000E+00   9.989442312569E-01
 3.587500000000E+00   9.959064202446E-01
 3.592500000000E+00   9.975341812445E-01
 3.597500000000E+00   9.946727448086E-01
 3.602500000000E+00   9.944643930663E-01
 3.607500000000E+00   9.955995933666E-01
 3.612500000000E+00   9.941236183790E-01
 3.617500000000E+00   9.955338881110E-01
 3.622500000000E+00   9.954209062429E-01
 3.627500000000E+00   9.950996331916E-01
 3.632500000000E+00   9.943421343633E-01
 3.637500000000E+00   9.920550029313E-01
 3.642500000000E+00   9.951295775235E-01
 3.647500000000E+00   9.970236727439E-01
 3.652500000000E+00   9.956110001912E-01
 3.657500000000E+00   9.972632789663E-01
 3.662500000000E+00   9.978644123464E-01
 3.667500000000E+00   9.949939802776E-01
 3.672500000000E+00   9.956189462005E-01
 3.677500000000E+00   9.953763369310E-01
 3.682500000000E+00   9.959951718040E-01
 3.687500000000E+00   9.974815590240E-01
 3.692500000000E+00   9.971147304420E-01
 3.697500000000E+00   9.959490363885E-01
 3.702500000000E+00   9.976132503326E-01
 3.707500000000E+00   9.973622669950E-01
 3.712500000000E+00   9.955884438614E-01
 3.717500000000E+00   9.977324520543E-01
 3.722500000000E+00   9.972353071973E-01
 3.727500000000E+00   9.959271592172E-01
 3.732500000000E+00   9.961706254529E-01
 3.737500000000E+00   9.970800749954E-01
 3.742500000000E+00   9.957121296929E-01
 3.747500000000E+00   9.951802101782E-01
 3.752500000000E+00   9.954143571214E-01
 3.757500000000E+00   9.929725913481E-01
 3.762500000000E+00   9.922743404487E-01
 3.767500000000E+00   9.971181034604E-01
 3.772500000000E+00   9.963572798843E-01
 3.777500000000E+00   9.909499942390E-01
 3.782500000000E+00   9.947357802579E-01
 3.787500000000E+00   9.938614458541E-01
 3.792500000000E+00   9.940841829461E-01
 3.797500000000E+00   9.929814744130E-01
 3.802500000000E+00   9.931474065686E-01
 3.807500000000E+00   9.950919399864E-01
 3.812500000000E+00   9.918353551967E-01
 3.817500000000E+00   9.921727435919E-01
 3.822500000000E+00   9.955165149985E-01
 3.827500000000E+00   9.927608150778E-01
 3.832500000000E+00   9.926149245320E-01
 3.837500000000E+00   9.950204400768E-01
 3.842500000000E+00   9.940727969756E-01
 3.847500000000E+00   9.928807250949E-01
 3.852500000000E+00   9.956480151969E-01
 3.857500000000E+00   9.954558923172E-01
 3.862500000000E+00   9.967651882922E-01
 3.867500000000E+00   9.958988487345E-01
 3.872500000000E+00   9.977420889266E-01
 3.877500000000E+00   9.946218313813E-01
 3.882500000000E+00   9.972276760776E-01
 3.887500000000E+00   9.986777741484E-01
 3.892500000000E+00   9.964902465342E-01
 3.897500000000E+00   9.993497939920E-01
 3.902500000000E+00   9.982369807960E-01
 3.907500000000E+00   9.980555477236E-01
 3.912500000000E+00   1.001568150692E+00
 3.917500000000E+00   9.974782889235E-01
 3.922500000000E+00   9.975304257993E-01
 3.927500000000E+00   9.957103016517E-01
 3.932500000000E+00   9.979733207879E-01
 3.937500000000E+00   9.972257658991E-01
 3.942500000000E+00   9.996423713565E-01
 3.947500000000E+00   9.977979816303E-01
 3.952500000000E+00   9.987813058471E-01
 3.957500000000E+00   9.979305742252E-01
 3.962500000000E+00   1.000319719257E+00
 3.967500000000E+00   9.976722228522E-01
 3.972500000000E+00   9.992207138270E-01
 3.977500000000E+00   9.992210962686E-01
 3.982500000000E+00   9.988201460573E-01
 3.987500000000E+00   9.987047396847E-01
 3.992500000000E+00   9.992928882026E-01
 3.997500000000E+00   9.985666743506E-01
 4.002500000000E+00   9.994273506701E-01
 4.007500000000E+00   9.989249394927E-01
 4.012500000000E+00   1.000095311291E+00
 4.017500000000E+00   1.000524706534E+00
 4.022500000000E+00   1.002036369528E+00
 4.027500000000E+00   9.980773722718E-01
 4.032500000000E+00   9.990067381348E-01
 4.037500000000E+00   9.970541371163E-01
 4.042500000000E+00   9.996504626160E-01
 4.047500000000E+00   9.971386675678E-01
 4.052500000000E+00   9.999547050233E-01
 4.057500000000E+00   9.982991724967E-01
 4.062500000000E+00   1.000106518383E+00
 4.067500000000E+00   1.001484852484E+00
 4.072500000000E+00   9.990164744699E-01
 4.077500000000E+00   1.000873300549E+00
 4.082500000000E+00   9.999861991150E-01
 4.087500000000E+00   1.001244903670E+00
 4.092500000000E+00   1.001425622347E+00
 4.097500000000E+00   1.000871424191E+00
 4.102500000000E+00   1.000512129891E+00
 4.107500000000E+00   1.002154502026E+00
 4.112500000000E+00   1.003852183159E+00
 4.117500000000E+00   1.002366422308E+00
 4.122500000000E+00   1.001797418391E+00
 4.127500000000E+00   1.002341809995E+00
 4.132500000000E+00   1.000878053237E+00
 4.137500000000E+00   1.002049870537E+00
 4.142500000000E+00   1.002207009179E+00
 4.147500000000E+00   1.002076248815E+00
 4.152500000000E+00   1.001934350998E+00
 4.157500000000E+00   9.999324722774E-01
 4.162500000000E+00   9.997435883213E-01
 4.167500000000E+00   1.000485225446E+00
 4.172500000000E+00   1.000032747781E+00
 4.177500000000E+00   1.000190962602E+00
 4.182500000000E+00   1.002115679033E+00
 4.187500000000E+00   1.001131190700E+00
 4.192500000000E+00   9.981043568888E-01
 4.197500000000E+00   1.000235816521E+00
 4.202500000000E+00   9.992557446705E-01
 4.207500000000E+00   1.004175108553E+00
 4.212500000000E+00   9.990532575003E-01
 4.217500000000E+00   1.001609199087E+00
 4.222500000000E+00   1.000608208291E+00
 4.227500000000E+00   1.001893202025E+00
 4.232500000000E+00   1.000711565165E+00
 4.237500000000E+00   1.001129543552E+00
 4.242500000000E+00   1.002966065823E+00
 4.247500000000E+00   1.000747294290E+00
 4.252500000000E+00   1.000769517405E+00
 4.257500000000E+00   1.001555925208E+00
 4.262500000000E+00   1.000314843620E+00
 4.267500000000E+00   1.000470906775E+00
 4.272500000000E+00   1.001016891413E+00
 4.277500000000E+00   1.002218670170E+00
 4.282500000000E+00   1.000748971061E+00
 4.287500000000E+00   1.000710217161E+00
 4.292500000000E+00   1.003032210181E+00
 4.297500000000E+00   1.001044283758E+00
 4.302500000000E+00   1.001091922237E+00
 4.307500000000E+00   1.000686485781E+00
 4.312500000000E+00   1.003262457392E+00
 4.317500000000E+00   1.002307535319E+00
 4.322500000000E+00   9.990482852186E-01
 4.327500000000E+00   9.978057164105E-01
 4.332500000000E+00   1.001382272325E+00
 4.337500000000E+00   1.000501539220E+00
 4.342500000000E+00   9.996843230754E-01
 4.347500000000E+00   1.001620729716E+00
 4.352500000000E+00   1.001894932734E+00
 4.357500000000E+00   9.985026616223E-01
 4.362500000000E+00   1.000169051229E+00
 4.367500000000E+00   9.969859003350E-01
 4.372500000000E+00   1.000393072880E+00
 4.377500000000E+00   9.977263522278E-01
 4.382500000000E+00   9.978826556789E-01
 4.387500000000E+00   1.000234208000E+00
 4.392500000000E+00   9.968101150143E-01
 4.397500000000E+00   9.992167368719E-01
 4.402500000000E+00   1.000493099413E+00
 4.407500000000E+00   1.000354551707E+00
 4.412500000000E+00   9.992828459054E-01
 4.417500000000E+00   9.999033096411E-01
 4.422500000000E+00   9.995341173805E-01
 4.427500000000E+00   1.001751731576E+00
 4.432500000000E+00   9.990199103802E-01
 4.437500000000E+00   9.994196188917E-01
 4.442500000000E+00   1.000789162117E+00
 4.447500000000E+00   9.989676101900E-01
 4.452500000000E+00   9.985929144400E-01
 4.457500000000E+00   9.992836882413E-01
 4.462500000000E+00   1.000576264000E+00
 4.467500000000E+00   9.992513717170E-01
 4.472500000000E+00   9.995746572385E-01
 4.477500000000E+00   9.992182659982E-01
 4.482500000000E+00   9.982374362533E-01
 4.487500000000E+00   9.995333944829E-01
 4.492500000000E+00   9.972151101527E-01
 4.497500000000E+00   1.001196734832E+00
 4.502500000000E+00   1.000207837549E+00
 4.507500000000E+00   9.980815764774E-01
 4.512500000000E+00   9.994676066830E-01
 4.517500000000E+00   9.978728075155E-01
 4.522500000000E+00   9.987328503998E-01
 4.527500000000E+00   9.980536757093E-01
 4.532500000000E+00   9.991005206758E-01
 4.537500000000E+00   9.991644785843E-01
 4.542500000000E+00   9.994379992056E-01
 4.547500000000E+00   9.974052075647E-01
 4.552500000000E+00   9.973300803075E-01
 4.557500000000E+00   9.975275032034E-01
 4.562500000000E+00   9.978696853764E-01
 4.567500000000E+00   9.998485019035E-01
 4.572500000000E+00   9.980381729175E-01
 4.577500000000E+00   9.976090826011E-01
 4.582500000000E+00   9.990190762171E-01
 4.587500000000E+00   1.000871888556E+00
 4.592500000000E+00   9.973692243404E-01
 4.597500000000E+00   9.983333787820E-01
 4.602500000000E+00   9.990205117292E-01
 4.607500000000E+00   9.996267421980E-01
 4.612500000000E+00   9.993853616652E-01
 4.617500000000E+00   9.998174813095E-01
 4.622500000000E+00   9.992550470720E-01
 4.627500000000E+00   1.000160154672E+00
 4.632500000000E+00   9.974517240970E-01
 4.637500000000E+00   1.000022875590E+00
 4.642500000000E+00   1.000296789735E+00
 4.647500000000E+00   1.000139246155E+00
 4.652500000000E+00   9.997259592541E-01
 4.657500000000E+00   1.000795961510E+00
 4.662500000000E+00   1.000590459099E+00
 4.667500000000E+00   9.984583878850E-01
 4.672500000000E+00   9.989271837006E-01
 4.677500000000E+00   9.995581308221E-01
 4.682500000000E+00   9.989901799303E-01
 4.687500000000E+00   1.000859607963E+00
 4.692500000000E+00   9.973932948270E-01
 4.697500000000E+00   9.971418191939E-01
 4.702500000000E+00   1.000004097714E+00
 4.707500000000E+00   9.947186127738E-01
 4.712500000000E+00   9.950559116009E-01
 4.717500000000E+00   9.972546538216E-01
 4.722500000000E+00   9.969127358001E-01
 4.727500000000E+00   9.974359780139E-01
 4.732500000000E+00   9.990792732946E-01
 4.737500000000E+00   9.976114246011E-01
 4.742500000000E+00   9.995237796472E-01
 4.747500000000E+00   9.987956433501E-01
 4.752500000000E+00   9.993164399158E-01
 4.757500000000E+00   9.982352316366E-01
 4.762500000000E+00   9.983733832019E-01
 4.767500000000E+00   1.000071665643E+00
 4.772500000000E+00   9.987777752774E-01
 4.777500000000E+00   9.975027273777E-01
 4.782500000000E+00   9.974310123410E-01
 4.787500000000E+00   9.995516883550E-01
 4.792500000000E+00   9.999827689681E-01
 4.797500000000E+00   9.990622931743E-01
 4.802500000000E+00   9.977073644561E-01
 4.807500000000E+00   9.979568188774E-01
 4.812500000000E+00   9.981118240077E-01
 4.817500000000E+00   9.987084130457E-01
 4.822500000000E+00   9.978747540841E-01
 4.827500000000E+00   9.991807915629E-01
 4.832500000000E+00   1.000853306365E+00
 4.837500000000E+00   1.000046621381E+00
 4.842500000000E+00   9.981182833335E-01
 4.847500000000E+00   1.000300781084E+00
 4.852500000000E+00   9.965230773943E-01
 4.857500000000E+00   9.996194722937E-01
 4.862500000000E+00   9.977090764431E-01
 4.867500000000E+00   9.977046651724E-01
 4.872500000000E+00   9.982773729025E-01
 4.877500000000E+00   1.000214676343E+00
 4.882500000000E+00   1.000915652270E+00
 4.887500000000E+00   1.001179928364E+00
 4.892500000000E+00   1.001116561148E+00
 4.897500000000E+00   1.000103290628E+00
 4.902500000000E+00   1.001117851267E+00
 4.907500000000E+00   9.997820542795E-01
 4.912500000000E+00   1.000195975360E+00
 4.917500000000E+00   1.000666170790E+00
 4.922500000000E+00   9.997914221812E-01
 4.927500000000E+00   9.988227220785E-01
 4.932500000000E+00   9.999607276566E-01
 4.937500000000E+00   9.975218332203E-01
 4.942500000000E+00   9.992781957115E-01
 4.947500000000E+00   9.967413713913E-01
 4.952500000000E+00   9.994848514615E-01
 4.957500000000E+00   9.973215949977E-01
 4.962500000000E+00   9.984284662671E-01
 4.967500000000E+00   9.973338761890E-01
 4.972500000000E+00   9.984198830757E-01
 4.977500000000E+00   9.987995695613E-01
 4.982500000000E+00   9.966667145933E-01
 4.987500000000E+00   9.961711604619E-01
 4.992500000000E+00   9.991389989913E-01
 4.997500000000E+00   9.985365689915E-01
