 2.500000000000E-03   0.000000000000E+00
 7.500000000000E-03   0.000000000000E+00
 1.250000000000E-02   0.000000000000E+00
 1.750000000000E-02   0.000000000000E+00
 2.250000000000E-02   0.000000000000E+00
 2.750000000000E-02   0.000000000000E+00
 3.250000000000E-02   0.000000000000E+00
 3.750000000000E-02   0.000000000000E+00
 4.250000000000E-02   0.000000000000E+00
 4.750000000000E-02   0.000000000000E+00
 5.250000000000E-02   0.000000000000E+00
 5.750000000000E-02   0.000000000000E+00
 6.250000000000E-02   0.000000000000E+00
 6.750000000000E-02   0.000000000000E+00
 7.250000000000E-02   0.000000000000E+00
 7.750000000000E-02   0.000000000000E+00
 8.250000000000E-02   0.000000000000E+00
 8.750000000000E-02   0.000000000000E+00
 9.250000000000E-02   0.000000000000E+00
 9.750000000000E-02   0.000000000000E+00
 1.025000000000E-01   0.000000000000E+00
 1.075000000000E-01   0.000000000000E+00
 1.125000000000E-01   0.000000000000E+00
 1.175000000000E-01   0.000000000000E+00
 1.225000000000E-01   0.000000000000E+00
 1.275000000000E-01   0.000000000000E+00
 1.325000000000E-01   0.000000000000E+00
 1.375000000000E-01   0.000000000000E+00
 1.425000000000E-01   0.000000000000E+00
 1.475000000000E-01   0.000000000000E+00
 1.525000000000E-01   0.000000000000E+00
 1.575000000000E-01   0.000000000000E+00
 1.625000000000E-01   0.000000000000E+00
 1.675000000000E-01   0.000000000000E+00
 1.725000000000E-01   0.000000000000E+00
 1.775000000000E-01   0.000000000000E+00
 1.825000000000E-01   0.000000000000E+00
 1.875000000000E-01   0.000000000000E+00
 1.925000000000E-01   0.000000000000E+00
 1.975000000000E-01   0.000000000000E+00
 2.025000000000E-01   0.000000000000E+00
 2.075000000000E-01   0.000000000000E+00
 2.125000000000E-01   0.000000000000E+00
 2.175000000000E-01   0.000000000000E+00
 2.225000000000E-01   0.000000000000E+00
 2.275000000000E-01   0.000000000000E+00
 2.325000000000E-01   0.000000000000E+00
 2.375000000000E-01   0.000000000000E+00
 2.425000000000E-01   0.000000000000E+00
 2.475000000000E-01   0.000000000000E+00
 2.525000000000E-01   0.000000000000E+00
 2.575000000000E-01   0.000000000000E+00
 2.625000000000E-01   0.000000000000E+00
 2.675000000000E-01   0.000000000000E+00
 2.725000000000E-01   0.000000000000E+00
 2.775000000000E-01   0.000000000000E+00
 2.825000000000E-01   0.000000000000E+00
 2.875000000000E-01   0.000000000000E+00
 2.925000000000E-01   0.000000000000E+00
 2.975000000000E-01   0.000000000000E+00
 3.025000000000E-01   0.000000000000E+00
 3.075000000000E-01   0.000000000000E+00
 3.125000000000E-01   0.000000000000E+00
 3.175000000000E-01   0.000000000000E+00
 3.225000000000E-01   0.000000000000E+00
 3.275000000000E-01   0.000000000000E+00
 3.325000000000E-01   0.000000000000E+00
 3.375000000000E-01   0.000000000000E+00
 3.425000000000E-01   0.000000000000E+00
 3.475000000000E-01   0.000000000000E+00
 3.525000000000E-01   0.000000000000E+00
 3.575000000000E-01   0.000000000000E+00
 3.625000000000E-01   0.000000000000E+00
 3.675000000000E-01   0.000000000000E+00
 3.725000000000E-01   0.000000000000E+00
 3.775000000000E-01   0.000000000000E+00
 3.825000000000E-01   0.000000000000E+00
 3.875000000000E-01   0.000000000000E+00
 3.925000000000E-01   0.000000000000E+00
 3.975000000000E-01   0.000000000000E+00
 4.025000000000E-01   0.000000000000E+00
 4.075000000000E-01   0.000000000000E+00
 4.125000000000E-01   0.000000000000E+00
 4.175000000000E-01   0.000000000000E+00
 4.225000000000E-01   0.000000000000E+00
 4.275000000000E-01   0.000000000000E+00
 4.325000000000E-01   0.000000000000E+00
 4.375000000000E-01   0.000000000000E+00
 4.425000000000E-01   0.000000000000E+00
 4.475000000000E-01   0.000000000000E+00
 4.525000000000E-01   0.000000000000E+00
 4.575000000000E-01   0.000000000000E+00
 4.625000000000E-01   0.000000000000E+00
 4.675000000000E-01   0.000000000000E+00
 4.725000000000E-01   0.000000000000E+00
 4.775000000000E-01   0.000000000000E+00
 4.825000000000E-01   0.000000000000E+00
 4.875000000000E-01   0.000000000000E+00
 4.925000000000E-01   0.000000000000E+00
 4.975000000000E-01   0.000000000000E+00
 5.025000000000E-01   0.000000000000E+00
 5.075000000000E-01   0.000000000000E+00
 5.125000000000E-01   0.000000000000E+00
 5.175000000000E-01   0.000000000000E+00
 5.225000000000E-01   0.000000000000E+00
 5.275000000000E-01   0.000000000000E+00
 5.325000000000E-01   0.000000000000E+00
 5.375000000000E-01   0.000000000000E+00
 5.425000000000E-01   0.000000000000E+00
 5.475000000000E-01   0.000000000000E+00
 5.525000000000E-01   0.000000000000E+00
 5.575000000000E-01   0.000000000000E+00
 5.625000000000E-01   0.000000000000E+00
 5.675000000000E-01   0.000000000000E+00
 5.725000000000E-01   0.000000000000E+00
 5.775000000000E-01   0.000000000000E+00
 5.825000000000E-01   0.000000000000E+00
 5.875000000000E-01   0.000000000000E+00
 5.925000000000E-01   0.000000000000E+00
 5.975000000000E-01   0.000000000000E+00
 6.025000000000E-01   0.000000000000E+00
 6.075000000000E-01   0.000000000000E+00
 6.125000000000E-01   0.000000000000E+00
 6.175000000000E-01   0.000000000000E+00
 6.225000000000E-01   0.000000000000E+00
 6.275000000000E-01   0.000000000000E+00
 6.325000000000E-01   0.000000000000E+00
 6.375000000000E-01   0.000000000000E+00
 6.425000000000E-01   0.000000000000E+00
 6.475000000000E-01   0.000000000000E+00
 6.525000000000E-01   0.000000000000E+00
 6.575000000000E-01   0.000000000000E+00
 6.625000000000E-01   0.000000000000E+00
 6.675000000000E-01   0.000000000000E+00
 6.725000000000E-01   0.000000000000E+00
 6.775000000000E-01   0.000000000000E+00
 6.825000000000E-01   0.000000000000E+00
 6.875000000000E-01   0.000000000000E+00
 6.925000000000E-01   0.000000000000E+00
 6.975000000000E-01   0.000000000000E+00
 7.025000000000E-01   0.000000000000E+00
 7.075000000000E-01   0.000000000000E+00
 7.125000000000E-01   0.000000000000E+00
 7.175000000000E-01   0.000000000000E+00
 7.225000000000E-01   0.000000000000E+00
 7.275000000000E-01   0.000000000000E+00
 7.325000000000E-01   0.000000000000E+00
 7.375000000000E-01   0.000000000000E+00
 7.425000000000E-01   0.000000000000E+00
 7.475000000000E-01   0.000000000000E+00
 7.525000000000E-01   0.000000000000E+00
 7.575000000000E-01   0.000000000000E+00
 7.625000000000E-01   0.000000000000E+00
 7.675000000000E-01   0.000000000000E+00
 7.725000000000E-01   0.000000000000E+00
 7.775000000000E-01   0.000000000000E+00
 7.825000000000E-01   0.000000000000E+00
 7.875000000000E-01   0.000000000000E+00
 7.925000000000E-01   0.000000000000E+00
 7.975000000000E-01   0.000000000000E+00
 8.025000000000E-01   0.000000000000E+00
 8.075000000000E-01   0.000000000000E+00
 8.125000000000E-01   0.000000000000E+00
 8.175000000000E-01   0.000000000000E+00
 8.225000000000E-01   0.000000000000E+00
 8.275000000000E-01   0.000000000000E+00
 8.325000000000E-01   0.000000000000E+00
 8.375000000000E-01   0.000000000000E+00
 8.425000000000E-01   0.000000000000E+00
 8.475000000000E-01   0.000000000000E+00
 8.525000000000E-01   3.503887018111E-05
 8.575000000000E-01   6.926289215101E-05
 8.625000000000E-01   1.711554351099E-04
 8.675000000000E-01   3.045386754768E-04
 8.725000000000E-01   5.017637859516E-04
 8.775000000000E-01   1.124407169299E-03
 8.825000000000E-01   1.896433061484E-03
 8.875000000000E-01   4.396844945477E-03
 8.925000000000E-01   7.320791046758E-03
 8.975000000000E-01   1.147563434450E-02
 9.025000000000E-01   1.672624155104E-02
 9.075000000000E-01   2.990007118926E-02
 9.125000000000E-01   4.125582071512E-02
 9.175000000000E-01   6.213371669844E-02
 9.225000000000E-01   8.560993341203E-02
 9.275000000000E-01   1.151195727518E-01
 9.325000000000E-01   1.500842995030E-01
 9.375000000000E-01   1.938597114335E-01
 9.425000000000E-01   2.439242069361E-01
 9.475000000000E-01   2.993343846935E-01
 9.525000000000E-01   3.652188653969E-01
 9.575000000000E-01   4.384637164043E-01
 9.625000000000E-01   5.103357674363E-01
 9.675000000000E-01   5.898975588353E-01
 9.725000000000E-01   6.712467811597E-01
 9.775000000000E-01   7.652695900521E-01
 9.825000000000E-01   8.459260336028E-01
 9.875000000000E-01   9.441072475483E-01
 9.925000000000E-01   1.035567157733E+00
 9.975000000000E-01   1.107824293055E+00
 1.002500000000E+00   1.199191671841E+00
 1.007500000000E+00   1.290325897406E+00
 1.012500000000E+00   1.362267677917E+00
 1.017500000000E+00   1.428284593927E+00
 1.022500000000E+00   1.513919073792E+00
 1.027500000000E+00   1.559737788475E+00
 1.032500000000E+00   1.626910450223E+00
 1.037500000000E+00   1.674644799778E+00
 1.042500000000E+00   1.724225859229E+00
 1.047500000000E+00   1.771184886233E+00
 1.052500000000E+00   1.798486894911E+00
 1.057500000000E+00   1.833733640022E+00
 1.062500000000E+00   1.875051038796E+00
 1.067500000000E+00   1.883895833659E+00
 1.072500000000E+00   1.904338572723E+00
 1.077500000000E+00   1.921689612540E+00
 1.082500000000E+00   1.942094822790E+00
 1.087500000000E+00   1.949986562304E+00
 1.092500000000E+00   1.947817282654E+00
 1.097500000000E+00   1.951631750150E+00
 1.102500000000E+00   1.946539991793E+00
 1.107500000000E+00   1.944782206801E+00
 1.112500000000E+00   1.934088923586E+00
 1.117500000000E+00   1.926037242840E+00
 1.122500000000E+00   1.909988155966E+00
 1.127500000000E+00   1.900357031168E+00
 1.132500000000E+00   1.889093799087E+00
 1.137500000000E+00   1.868547442212E+00
 1.142500000000E+00   1.843878656668E+00
 1.147500000000E+00   1.831422745899E+00
 1.152500000000E+00   1.823790972750E+00
 1.157500000000E+00   1.791799347026E+00
 1.162500000000E+00   1.776230758455E+00
 1.167500000000E+00   1.763048376402E+00
 1.172500000000E+00   1.742412776858E+00
 1.177500000000E+00   1.724634610480E+00
 1.182500000000E+00   1.693126245925E+00
 1.187500000000E+00   1.673787933912E+00
 1.192500000000E+00   1.656003046542E+00
 1.197500000000E+00   1.639095491509E+00
 1.202500000000E+00   1.604818503427E+00
 1.207500000000E+00   1.604339897040E+00
 1.212500000000E+00   1.576551144114E+00
 1.217500000000E+00   1.548768705333E+00
 1.222500000000E+00   1.529173891282E+00
 1.227500000000E+00   1.514477000839E+00
 1.232500000000E+00   1.483975367961E+00
 1.237500000000E+00   1.475616241338E+00
 1.242500000000E+00   1.449974323410E+00
 1.247500000000E+00   1.446245112274E+00
 1.252500000000E+00   1.424365005081E+00
 1.257500000000E+00   1.407649763658E+00
 1.262500000000E+00   1.390419201167E+00
 1.267500000000E+00   1.368280605556E+00
 1.272500000000E+00   1.345864476778E+00
 1.277500000000E+00   1.344259474876E+00
 1.282500000000E+00   1.322728791908E+00
 1.287500000000E+00   1.300323864532E+00
 1.292500000000E+00   1.292188213881E+00
 1.297500000000E+00   1.277574411699E+00
 1.302500000000E+00   1.262861298727E+00
 1.307500000000E+00   1.243017739692E+00
 1.312500000000E+00   1.235871212275E+00
 1.317500000000E+00   1.210679366506E+00
 1.322500000000E+00   1.210467217249E+00
 1.327500000000E+00   1.187118214624E+00
 1.332500000000E+00   1.183130897713E+00
 1.337500000000E+00   1.164422637630E+00
 1.342500000000E+00   1.159113830182E+00
 1.347500000000E+00   1.147274197061E+00
 1.352500000000E+00   1.132417607270E+00
 1.357500000000E+00   1.119530949909E+00
 1.362500000000E+00   1.114923210571E+00
 1.367500000000E+00   1.113811550210E+00
 1.372500000000E+00   1.091125132925E+00
 1.377500000000E+00   1.090545849699E+00
 1.382500000000E+00   1.083497946723E+00
 1.387500000000E+00   1.066126411826E+00
 1.392500000000E+00   1.060322519181E+00
 1.397500000000E+00   1.052566276692E+00
 1.402500000000E+00   1.040258840228E+00
 1.407500000000E+00   1.037405804447E+00
 1.412500000000E+00   1.030942249226E+00
 1.417500000000E+00   1.023517368305E+00
 1.422500000000E+00   1.022702564427E+00
 1.427500000000E+00   1.010864650316E+00
 1.432500000000E+00   9.989186171532E-01
 1.437500000000E+00   9.930045370003E-01
 1.442500000000E+00   9.901588404344E-01
 1.447500000000E+00   9.877905324759E-01
 1.452500000000E+00   9.648760959775E-01
 1.457500000000E+00   9.753493307143E-01
 1.462500000000E+00   9.599768499722E-01
 1.467500000000E+00   9.568518818809E-01
 1.472500000000E+00   9.532538862068E-01
 1.477500000000E+00   9.439784113038E-01
 1.482500000000E+00   9.370655289474E-01
 1.487500000000E+00   9.361625874783E-01
 1.492500000000E+00   9.310095292329E-01
 1.497500000000E+00   9.239057380425E-01
 1.502500000000E+00   9.183646944200E-01
 1.507500000000E+00   9.185802329277E-01
 1.512500000000E+00   9.137192080366E-01
 1.517500000000E+00   9.080617798848E-01
 1.522500000000E+00   9.036123296593E-01
 1.527500000000E+00   9.074960956682E-01
 1.532500000000E+00   9.044357287375E-01
 1.537500000000E+00   8.964083249894E-01
 1.542500000000E+00   8.941275058436E-01
 1.547500000000E+00   8.929420229286E-01
 1.552500000000E+00   8.835969271192E-01
 1.557500000000E+00   8.886297607265E-01
 1.562500000000E+00   8.812410540821E-01
 1.567500000000E+00   8.809758628224E-01
 1.572500000000E+00   8.830235978272E-01
 1.577500000000E+00   8.768004164564E-01
 1.582500000000E+00   8.790778967295E-01
 1.587500000000E+00   8.724881569154E-01
 1.592500000000E+00   8.728418621169E-01
 1.597500000000E+00   8.729046368587E-01
 1.602500000000E+00   8.694988098826E-01
 1.607500000000E+00   8.666111296302E-01
 1.612500000000E+00   8.688547250540E-01
 1.617500000000E+00   8.673165497035E-01
 1.622500000000E+00   8.703949217148E-01
 1.627500000000E+00   8.652281418431E-01
 1.632500000000E+00   8.650195347935E-01
 1.637500000000E+00   8.629074752629E-01
 1.642500000000E+00   8.638066852801E-01
 1.647500000000E+00   8.623148713448E-01
 1.652500000000E+00   8.682667562572E-01
 1.657500000000E+00   8.630177115021E-01
 1.662500000000E+00   8.645970194890E-01
 1.667500000000E+00   8.622954687692E-01
 1.672500000000E+00   8.599695308772E-01
 1.677500000000E+00   8.594386722295E-01
 1.682500000000E+00   8.573426880313E-01
 1.687500000000E+00   8.619900164184E-01
 1.692500000000E+00   8.636250854566E-01
 1.697500000000E+00   8.695032206384E-01
 1.702500000000E+00   8.605203269111E-01
 1.707500000000E+00   8.646326659975E-01
 1.712500000000E+00   8.646273329965E-01
 1.717500000000E+00   8.644261197027E-01
 1.722500000000E+00   8.623244858531E-01
 1.727500000000E+00   8.684585141811E-01
 1.732500000000E+00   8.703588628866E-01
 1.737500000000E+00   8.740365312135E-01
 1.742500000000E+00   8.681722900497E-01
 1.747500000000E+00   8.750691443164E-01
 1.752500000000E+00   8.773793719795E-01
 1.757500000000E+00   8.739359430149E-01
 1.762500000000E+00   8.703370658230E-01
 1.767500000000E+00   8.674577177032E-01
 1.772500000000E+00   8.781976001709E-01
 1.777500000000E+00   8.825648497026E-01
 1.782500000000E+00   8.838799085279E-01
 1.787500000000E+00   8.884659625581E-01
 1.792500000000E+00   8.865834363087E-01
 1.797500000000E+00   8.919825877780E-01
 1.802500000000E+00   8.927232097068E-01
 1.807500000000E+00   8.943071762984E-01
 1.812500000000E+00   8.934028870328E-01
 1.817500000000E+00   9.016685596508E-01
 1.822500000000E+00   9.039882254225E-01
 1.827500000000E+00   8.988959165683E-01
 1.832500000000E+00   9.084736211083E-01
 1.837500000000E+00   9.083555993745E-01
 1.842500000000E+00   9.140538300193E-01
 1.847500000000E+00   9.152903475299E-01
 1.852500000000E+00   9.203513687961E-01
 1.857500000000E+00   9.225918028946E-01
 1.862500000000E+00   9.276505420625E-01
 1.867500000000E+00   9.293197177340E-01
 1.872500000000E+00   9.364557002371E-01
 1.877500000000E+00   9.373404827772E-01
 1.882500000000E+00   9.329427229836E-01
 1.887500000000E+00   9.398431105856E-01
 1.892500000000E+00   9.420930427177E-01
 1.897500000000E+00   9.434504607979E-01
 1.902500000000E+00   9.483757174955E-01
 1.907500000000E+00   9.502130439086E-01
 1.912500000000E+00   9.506954283142E-01
 1.917500000000E+00   9.629683328042E-01
 1.922500000000E+00   9.608320716636E-01
 1.927500000000E+00   9.631601600327E-01
 1.932500000000E+00   9.646126227448E-01
 1.937500000000E+00   9.732821046152E-01
 1.942500000000E+00   9.715242020472E-01
 1.947500000000E+00   9.758007204774E-01
 1.952500000000E+00   9.828796644361E-01
 1.957500000000E+00   9.831216786699E-01
 1.962500000000E+00   9.875403589682E-01
 1.967500000000E+00   9.926316670972E-01
 1.972500000000E+00   9.974754685397E-01
 1.977500000000E+00   9.961755478908E-01
 1.982500000000E+00   1.005151859542E+00
 1.987500000000E+00   1.014205850559E+00
 1.992500000000E+00   1.017107815031E+00
 1.997500000000E+00   1.020114839815E+00
 2.002500000000E+00   1.018481563770E+00
 2.007500000000E+00   1.028756342325E+00
 2.012500000000E+00   1.025084379668E+00
 2.017500000000E+00   1.028430602405E+00
 2.022500000000E+00   1.030006827846E+00
 2.027500000000E+00   1.030916963990E+00
 2.032500000000E+00   1.031540626843E+00
 2.037500000000E+00   1.041076881194E+00
 2.042500000000E+00   1.038800002916E+00
 2.047500000000E+00   1.041404463322E+00
 2.052500000000E+00   1.045331300811E+00
 2.057500000000E+00   1.048323458565E+00
 2.062500000000E+00   1.051184556767E+00
 2.067500000000E+00   1.051307096059E+00
 2.072500000000E+00   1.055661082337E+00
 2.077500000000E+00   1.052532824600E+00
 2.082500000000E+00   1.060267583539E+00
 2.087500000000E+00   1.056129532505E+00
 2.092500000000E+00   1.060038857140E+00
 2.097500000000E+00   1.061745774447E+00
 2.102500000000E+00   1.061166327893E+00
 2.107500000000E+00   1.067620914957E+00
 2.112500000000E+00   1.067834181541E+00
 2.117500000000E+00   1.064376076306E+00
 2.122500000000E+00   1.071463716846E+00
 2.127500000000E+00   1.067305412125E+00
 2.132500000000E+00   1.071629770412E+00
 2.137500000000E+00   1.075288949590E+00
 2.142500000000E+00   1.074037169780E+00
 2.147500000000E+00   1.072862680225E+00
 2.152500000000E+00   1.077722203795E+00
 2.157500000000E+00   1.075205488354E+00
 2.162500000000E+00   1.077432528741E+00
 2.167500000000E+00   1.078641109431E+00
 2.172500000000E+00   1.072823986627E+00
 2.177500000000E+00   1.073955461519E+00
 2.182500000000E+00   1.072125001657E+00
 2.187500000000E+00   1.068618404865E+00
 2.192500000000E+00   1.071415294028E+00
 2.197500000000E+00   1.067752817725E+00
 2.202500000000E+00   1.065141396554E+00
 2.207500000000E+00   1.065124112755E+00
 2.212500000000E+00   1.064404234661E+00
 2.217500000000E+00   1.068718792942E+00
 2.222500000000E+00   1.066204536621E+00
 2.227500000000E+00   1.063958670642E+00
 2.232500000000E+00   1.058753732532E+00
 2.237500000000E+00   1.065135944142E+00
 2.242500000000E+00   1.061419419002E+00
 2.247500000000E+00   1.061279486380E+00
 2.252500000000E+00   1.056618325210E+00
 2.257500000000E+00   1.059003386220E+00
 2.262500000000E+00   1.060093504612E+00
 2.267500000000E+00   1.059157861129E+00
 2.272500000000E+00   1.055991381929E+00
 2.277500000000E+00   1.052174798770E+00
 2.282500000000E+00   1.054080726095E+00
 2.287500000000E+00   1.050903648633E+00
 2.292500000000E+00   1.047947732702E+00
 2.297500000000E+00   1.045576826112E+00
 2.302500000000E+00   1.044796897031E+00
 2.307500000000E+00   1.048222517120E+00
 2.312500000000E+00   1.045018361729E+00
 2.317500000000E+00   1.042533787095E+00
 2.322500000000E+00   1.043360835482E+00
 2.327500000000E+00   1.043705795224E+00
 2.332500000000E+00   1.040813314428E+00
 2.337500000000E+00   1.035111714448E+00
 2.342500000000E+00   1.034772107559E+00
 2.347500000000E+00   1.039009954991E+00
 2.352500000000E+00   1.034068880099E+00
 2.357500000000E+00   1.031927741243E+00
 2.362500000000E+00   1.030812867863E+00
 2.367500000000E+00   1.031760801237E+00
 2.372500000000E+00   1.030153602639E+00
 2.377500000000E+00   1.026960503277E+00
 2.382500000000E+00   1.025247592302E+00
 2.387500000000E+00   1.023839321780E+00
 2.392500000000E+00   1.023866346837E+00
 2.397500000000E+00   1.020818546539E+00
 2.402500000000E+00   1.015047511426E+00
 2.407500000000E+00   1.017935544719E+00
 2.412500000000E+00   1.018056393863E+00
 2.417500000000E+00   1.019692553718E+00
 2.422500000000E+00   1.015413875080E+00
 2.427500000000E+00   1.013940400880E+00
 2.432500000000E+00   1.012031479136E+00
 2.437500000000E+00   1.012105510828E+00
 2.442500000000E+00   1.008307502256E+00
 2.447500000000E+00   1.008885108517E+00
 2.452500000000E+00   1.003217594326E+00
 2.457500000000E+00   1.002993367810E+00
 2.462500000000E+00   1.007726382112E+00
 2.467500000000E+00   1.003671618206E+00
 2.472500000000E+00   1.006572773507E+00
 2.477500000000E+00   9.974318532050E-01
 2.482500000000E+00   1.000066453814E+00
 2.487500000000E+00   1.000371315357E+00
 2.492500000000E+00   9.969356655192E-01
 2.497500000000E+00   9.953933613499E-01
 2.502500000000E+00   9.948719685804E-01
 2.507500000000E+00   9.940957129784E-01
 2.512500000000E+00   9.932128683461E-01
 2.517500000000E+00   9.978176631047E-01
 2.522500000000E+00   9.965512604855E-01
 2.527500000000E+00   9.880680749098E-01
 2.532500000000E+00   9.915792579915E-01
 2.537500000000E+00   9.907799496195E-01
 2.542500000000E+00   9.881947542233E-01
 2.547500000000E+00   9.877528480205E-01
 2.552500000000E+00   9.880846058243E-01
 2.557500000000E+00   9.913417072392E-01
 2.562500000000E+00   9.880507820399E-01
 2.567500000000E+00   9.857514112767E-01
 2.572500000000E+00   9.883031532991E-01
 2.577500000000E+00   9.885738717161E-01
 2.582500000000E+00   9.851619724103E-01
 2.587500000000E+00   9.848688598514E-01
 2.592500000000E+00   9.837333511437E-01
 2.597500000000E+00   9.871962960374E-01
 2.602500000000E+00   9.848767402826E-01
 2.607500000000E+00   9.834515995178E-01
 2.612500000000E+00   9.824032452646E-01
 2.617500000000E+00   9.796125477974E-01
 2.622500000000E+00   9.809199590312E-01
 2.627500000000E+00   9.791451562124E-01
 2.632500000000E+00   9.805478768881E-01
 2.637500000000E+00   9.754280054612E-01
 2.642500000000E+00   9.784429795684E-01
 2.647500000000E+00   9.778969434954E-01
 2.652500000000E+00   9.792192653212E-01
 2.657500000000E+00   9.804850584855E-01
 2.662500000000E+00   9.803550399963E-01
 2.667500000000E+00   9.811316864669E-01
 2.672500000000E+00   9.795389538610E-01
 2.677500000000E+00   9.783881685568E-01
 2.682500000000E+00   9.784494310488E-01
 2.687500000000E+00   9.764021589991E-01
 2.692500000000E+00   9.783185181102E-01
 2.697500000000E+00   9.792830819475E-01
 2.702500000000E+00   9.793133403991E-01
 2.707500000000E+00   9.802398804433E-01
 2.712500000000E+00   9.788513809313E-01
 2.717500000000E+00   9.802905847704E-01
 2.722500000000E+00   9.810083218827E-01
 2.727500000000E+00   9.795508584144E-01
 2.732500000000E+00   9.775347488841E-01
 2.737500000000E+00   9.785137193370E-01
 2.742500000000E+00   9.783313109387E-01
 2.747500000000E+00   9.796651398769E-01
 2.752500000000E+00   9.784115646732E-01
 2.757500000000E+00   9.787312899975E-01
 2.762500000000E+00   9.796796287356E-01
 2.767500000000E+00   9.802456787697E-01
 2.772500000000E+00   9.811325579268E-01
 2.777500000000E+00   9.782997970223E-01
 2.782500000000E+00   9.812072680890E-01
 2.787500000000E+00   9.786965172427E-01
 2.792500000000E+00   9.788196613667E-01
 2.797500000000E+00   9.802274582759E-01
 2.802500000000E+00   9.809251409829E-01
 2.807500000000E+00   9.826163964681E-01
 2.812500000000E+00   9.835876386501E-01
 2.817500000000E+00   9.807509335826E-01
 2.822500000000E+00   9.812492816415E-01
 2.827500000000E+00   9.836522707765E-01
 2.832500000000E+00   9.818203599827E-01
 2.837500000000E+00   9.828923430442E-01
 2.842500000000E+00   9.830493403109E-01
 2.847500000000E+00   9.833436423565E-01
 2.852500000000E+00   9.806316860917E-01
 2.857500000000E+00   9.859912811391E-01
 2.862500000000E+00   9.862231646456E-01
 2.867500000000E+00   9.860014768637E-01
 2.872500000000E+00   9.856858561101E-01
 2.877500000000E+00   9.853787748749E-01
 2.882500000000E+00   9.839645648233E-01
 2.887500000000E+00   9.857305898509E-01
 2.892500000000E+00   9.895025545736E-01
 2.897500000000E+00   9.887566143030E-01
 2.902500000000E+00   9.914225690879E-01
 2.907500000000E+00   9.881270777372E-01
 2.912500000000E+00   9.926715192152E-01
 2.917500000000E+00   9.937744735046E-01
 2.922500000000E+00   9.903888831463E-01
 2.927500000000E+00   9.922084909839E-01
 2.932500000000E+00   9.987922375417E-01
 2.937500000000E+00   9.964839450483E-01
 2.942500000000E+00   9.974236915112E-01
 2.947500000000E+00   9.953000444536E-01
 2.952500000000E+00   9.970293391726E-01
 2.957500000000E+00   9.968110523242E-01
 2.962500000000E+00   9.966175727792E-01
 2.967500000000E+00   9.989615717670E-01
 2.972500000000E+00   9.989641507761E-01
 2.977500000000E+00   9.976024597212E-01
 2.982500000000E+00   1.004987028723E+00
 2.987500000000E+00   1.000701451524E+00
 2.992500000000E+00   1.004227558829E+00
 2.997500000000E+00   9.997096360270E-01
 3.002500000000E+00   1.000673553970E+00
 3.007500000000E+00   1.003311921346E+00
 3.012500000000E+00   9.998158306857E-01
 3.017500000000E+00   1.003622779804E+00
 3.022500000000E+00   1.001380978044E+00
 3.027500000000E+00   1.001123836311E+00
 3.032500000000E+00   1.005467955192E+00
 3.037500000000E+00   1.002477896602E+00
 3.042500000000E+00   1.005402781551E+00
 3.047500000000E+00   1.002251702973E+00
 3.052500000000E+00   1.004401346895E+00
 3.057500000000E+00   1.003276400393E+00
 3.062500000000E+00   1.008379192782E+00
 3.067500000000E+00   1.003286785585E+00
 3.072500000000E+00   1.005791252918E+00
 3.077500000000E+00   1.004418551324E+00
 3.082500000000E+00   1.007048007586E+00
 3.087500000000E+00   1.008092453610E+00
 3.092500000000E+00   1.006590004510E+00
 3.097500000000E+00   1.005782061305E+00
 3.102500000000E+00   1.007217522284E+00
 3.107500000000E+00   1.007691844641E+00
 3.112500000000E+00   1.006607060573E+00
 3.117500000000E+00   1.010468279783E+00
 3.122500000000E+00   1.006192687345E+00
 3.127500000000E+00   1.009580307537E+00
 3.132500000000E+00   1.008524290577E+00
 3.137500000000E+00   1.006691227697E+00
 3.142500000000E+00   1.007866243727E+00
 3.147500000000E+00   1.006301474927E+00
 3.152500000000E+00   1.007219298054E+00
 3.157500000000E+00   1.011224498653E+00
 3.162500000000E+00   1.010891318657E+00
 3.167500000000E+00   1.010750634099E+00
 3.172500000000E+00   1.008720893317E+00
 3.177500000000E+00   1.007591749720E+00
 3.182500000000E+00   1.009803600362E+00
 3.187500000000E+00   1.013883897582E+00
 3.192500000000E+00   1.009696166308E+00
 3.197500000000E+00   1.010807412887E+00
 3.202500000000E+00   1.007921724924E+00
 3.207500000000E+00   1.011061314745E+00
 3.212500000000E+00   1.009586976437E+00
 3.217500000000E+00   1.008904053891E+00
 3.222500000000E+00   1.009598636459E+00
 3.227500000000E+00   1.007233216693E+00
 3.232500000000E+00   1.009356872436E+00
 3.237500000000E+00   1.007811045826E+00
 3.242500000000E+00   1.010244502675E+00
 3.247500000000E+00   1.005146446084E+00
 3.252500000000E+00   1.007402341864E+00
 3.257500000000E+00   1.005598434400E+00
 3.262500000000E+00   1.006095183645E+00
 3.267500000000E+00   1.007206699612E+00
 3.272500000000E+00   1.007985723397E+00
 3.277500000000E+00   1.006861215396E+00
 3.282500000000E+00   1.006518786218E+00
 3.287500000000E+00   1.005068732056E+00
 3.292500000000E+00   1.004090293918E+00
 3.297500000000E+00   1.007902372457E+00
 3.302500000000E+00   1.002933519480E+00
 3.307500000000E+00   1.006526020756E+00
 3.312500000000E+00   1.007242397349E+00
 3.317500000000E+00   1.007463996276E+00
 3.322500000000E+00   1.006900001484E+00
 3.327500000000E+00   1.006272747971E+00
 3.332500000000E+00   1.005197592246E+00
 3.337500000000E+00   1.004874202350E+00
 3.342500000000E+00   1.005596715059E+00
 3.347500000000E+00   1.006864914100E+00
 3.352500000000E+00   1.002146427831E+00
 3.357500000000E+00   1.003925733037E+00
 3.362500000000E+00   1.005726067027E+00
 3.367500000000E+00   1.004791915918E+00
 3.372500000000E+00   1.004812653781E+00
 3.377500000000E+00   1.006067782111E+00
 3.382500000000E+00   1.007348940169E+00
 3.387500000000E+00   1.007477526740E+00
 3.392500000000E+00   1.004788781613E+00
 3.397500000000E+00   1.007209737699E+00
 3.402500000000E+00   1.004733420757E+00
 3.407500000000E+00   1.005695183593E+00
 3.412500000000E+00   1.002481283536E+00
 3.417500000000E+00   1.005827234857E+00
 3.422500000000E+00   1.005210138822E+00
 3.427500000000E+00   1.003502042297E+00
 3.432500000000E+00   1.003478970313E+00
 3.437500000000E+00   1.005281412208E+00
 3.442500000000E+00   1.001409267250E+00
 3.447500000000E+00   1.005412080690E+00
 3.452500000000E+00   1.003941962989E+00
 3.457500000000E+00   1.002280161573E+00
 3.462500000000E+00   1.000385873849E+00
 3.467500000000E+00   1.000910633479E+00
 3.472500000000E+00   9.999119427926E-01
 3.477500000000E+00   9.997108248987E-01
 3.482500000000E+00   9.989881122560E-01
 3.487500000000E+00   9.970343439421E-01
 3.492500000000E+00   9.995386283240E-01
 3.497500000000E+00   9.997367048850E-01
 3.502500000000E+00   1.000577224251E+00
 3.507500000000E+00   9.969565843230E-01
 3.512500000000E+00   9.994928577180E-01
 3.517500000000E+00   9.990140610995E-01
 3.522500000000E+00   9.985749991783E-01
 3.527500000000E+00   9.962414231530E-01
 3.532500000000E+00   9.980412704555E-01
 3.537500000000E+00   9.978062939482E-01
 3.542500000000E+00   9.973880697226E-01
 3.547500000000E+00   9.979415229723E-01
 3.552500000000E+00   9.972893550709E-01
 3.557500000000E+00   9.997053656025E-01
 3.562500000000E+00   9.972061265924E-01
 3.567500000000E+00   9.972440207145E-01
 3.572500000000E+00   9.993947478535E-01
 3.577500000000E+00   9.966588549527E-01
 3.582500000000E+00   9.954998012304E-01
 3.587500000000E+00   9.986309412764E-01
 3.592500000000E+00   9.939313222637E-01
 3.597500000000E+00   9.942339683666E-01
 3.602500000000E+00   9.950020219941E-01
 3.607500000000E+00   9.951123715661E-01
 3.612500000000E+00   9.921547553693E-01
 3.617500000000E+00   9.916284448015E-01
 3.622500000000E+00   9.952540195501E-01
 3.627500000000E+00   9.951441427247E-01
 3.632500000000E+00   9.978931012528E-01
 3.637500000000E+00   9.964391767242E-01
 3.642500000000E+00   9.955057586448E-01
 3.647500000000E+00   9.969643377176E-01
 3.652500000000E+00   9.949715534119E-01
 3.657500000000E+00   9.977258491660E-01
 3.662500000000E+00   9.945877961662E-01
 3.667500000000E+00   9.938164009129E-01
 3.672500000000E+00   9.998198859572E-01
 3.677500000000E+00   9.962330710864E-01
 3.682500000000E+00   9.945943162252E-01
 3.687500000000E+00   9.969946483023E-01
 3.692500000000E+00   9.968887429459E-01
 3.697500000000E+00   9.968393675613E-01
 3.702500000000E+00   9.983804350899E-01
 3.707500000000E+00   9.994464231320E-01
 3.712500000000E+00   9.955792058790E-01
 3.717500000000E+00   9.941301107628E-01
 3.722500000000E+00   9.950925686300E-01
 3.727500000000E+00   9.950162792860E-01
 3.732500000000E+00   9.960390202942E-01
 3.737500000000E+00   9.959607762473E-01
 3.742500000000E+00   9.961193828409E-01
 3.747500000000E+00   9.966126746460E-01
 3.752500000000E+00   9.944197276174E-01
 3.757500000000E+00   9.945002470382E-01
 3.762500000000E+00   9.952423888397E-01
 3.767500000000E+00   9.953707028405E-01
 3.772500000000E+00   9.922794802836E-01
 3.777500000000E+00   9.975314507704E-01
 3.782500000000E+00   9.966544531449E-01
 3.787500000000E+00   9.965294945312E-01
 3.792500000000E+00   9.963096652749E-01
 3.797500000000E+00   9.986497312285E-01
 3.802500000000E+00   9.983093997283E-01
 3.807500000000E+00   9.984188434758E-01
 3.812500000000E+00   9.944457525218E-01
 3.817500000000E+00   9.974672391619E-01
 3.822500000000E+00   9.991362898692E-01
 3.827500000000E+00   9.950396472676E-01
 3.832500000000E+00   9.959193702486E-01
 3.837500000000E+00   9.972009514813E-01
 3.842500000000E+00   9.976498143756E-01
 3.847500000000E+00   9.980809358283E-01
 3.852500000000E+00   9.961764671107E-01
 3.857500000000E+00   9.962892993198E-01
 3.862500000000E+00   9.988919611596E-01
 3.867500000000E+00   9.975587567602E-01
 3.872500000000E+00   9.966247547199E-01
 3.877500000000E+00   9.958141960539E-01
 3.882500000000E+00   9.988714041251E-01
 3.887500000000E+00   9.948949548523E-01
 3.892500000000E+00   9.967406665742E-01
 3.897500000000E+00   9.959534845848E-01
 3.902500000000E+00   9.980798062969E-01
 3.907500000000E+00   9.961342504754E-01
 3.912500000000E+00   9.987168555665E-01
 3.917500000000E+00   9.974816075015E-01
 3.922500000000E+00   9.967062051443E-01
 3.927500000000E+00   9.979257426280E-01
 3.932500000000E+00   9.956301308524E-01
 3.937500000000E+00   9.990259191392E-01
 3.942500000000E+00   9.952156519270E-01
 3.947500000000E+00   9.971001933774E-01
 3.952500000000E+00   9.969116584163E-01
 3.957500000000E+00   9.958071274175E-01
 3.962500000000E+00   9.950634145018E-01
 3.967500000000E+00   9.968374738903E-01
 3.972500000000E+00   9.982880178927E-01
 3.977500000000E+00   9.988074274330E-01
 3.982500000000E+00   9.987270231595E-01
 3.987500000000E+00   9.979376004787E-01
 3.992500000000E+00   9.993040709432E-01
 3.997500000000E+00   9.970480302288E-01
 4.002500000000E+00   9.972226286602E-01
 4.007500000000E+00   9.980227344248E-01
 4.012500000000E+00   9.976975322012E-01
 4.017500000000E+00   9.991063416216E-01
 4.022500000000E+00   9.997984341114E-01
 4.027500000000E+00   9.965153326668E-01
 4.032500000000E+00   9.989315702129E-01
 4.037500000000E+00   9.994160657942E-01
 4.042500000000E+00   9.994884035465E-01
 4.047500000000E+00   9.981490358421E-01
 4.052500000000E+00   9.972241346857E-01
 4.057500000000E+00   9.984352873986E-01
 4.062500000000E+00   9.982287419258E-01
 4.067500000000E+00   9.981371704803E-01
 4.072500000000E+00   9.970465728825E-01
 4.077500000000E+00   1.000135057854E+00
 4.082500000000E+00   9.984002654185E-01
 4.087500000000E+00   9.994296543181E-01
 4.092500000000E+00   1.001016630205E+00
 4.097500000000E+00   9.980200121104E-01
 4.102500000000E+00   1.000489434684E+00
 4.107500000000E+00   9.976038646137E-01
 4.112500000000E+00   1.000937216499E+00
 4.117500000000E+00   1.000167479561E+00
 4.122500000000E+00   9.995603537156E-01
 4.127500000000E+00   9.993687704874E-01
 4.132500000000E+00   1.001228467843E+00
 4.137500000000E+00   9.996281810942E-01
 4.142500000000E+00   1.000350605857E+00
 4.147500000000E+00   9.991392150450E-01
 4.152500000000E+00   1.001822114432E+00
 4.157500000000E+00   9.998514436960E-01
 4.162500000000E+00   1.002167139664E+00
 4.167500000000E+00   1.001274033109E+00
 4.172500000000E+00   1.002280876839E+00
 4.177500000000E+00   1.002146256044E+00
 4.182500000000E+00   1.001409670578E+00
 4.187500000000E+00   1.000574992990E+00
 4.192500000000E+00   1.004448440023E+00
 4.197500000000E+00   1.000341323579E+00
 4.202500000000E+00   1.000429422832E+00
 4.207500000000E+00   1.000383380167E+00
 4.212500000000E+00   1.001643482208E+00
 4.217500000000E+00   1.001314283925E+00
 4.222500000000E+00   1.000711041466E+00
 4.227500000000E+00   1.000414195178E+00
 4.232500000000E+00   1.001143700435E+00
 4.237500000000E+00   9.968027831230E-01
 4.242500000000E+00   9.993710481714E-01
 4.247500000000E+00   9.999046435235E-01
 4.252500000000E+00   9.999584183357E-01
 4.257500000000E+00   9.993840231308E-01
 4.262500000000E+00   1.001029638539E+00
 4.267500000000E+00   1.000605141302E+00
 4.272500000000E+00   1.000019462476E+00
 4.277500000000E+00   1.001389189465E+00
 4.282500000000E+00   1.000256054199E+00
 4.287500000000E+00   1.000635413034E+00
 4.292500000000E+00   1.000935661079E+00
 4.297500000000E+00   9.978040513843E-01
 4.302500000000E+00   1.000283058001E+00
 4.307500000000E+00   1.002009506140E+00
 4.312500000000E+00   9.999064325982E-01
 4.317500000000E+00   1.001903176346E+00
 4.322500000000E+00   1.001580588814E+00
 4.327500000000E+00   1.001403671621E+00
 4.332500000000E+00   9.997122550014E-01
 4.337500000000E+00   1.000797957652E+00
 4.342500000000E+00   9.986526222674E-01
 4.347500000000E+00   1.000218201476E+00
 4.352500000000E+00   9.985465412055E-01
 4.357500000000E+00   9.993810904405E-01
 4.362500000000E+00   9.984536835927E-01
 4.367500000000E+00   9.995584037159E-01
 4.372500000000E+00   9.985350346810E-01
 4.377500000000E+00   9.982645510968E-01
 4.382500000000E+00   9.991435443265E-01
 4.387500000000E+00   9.991468373016E-01
 4.392500000000E+00   9.999473403151E-01
 4.397500000000E+00   9.997935066312E-01
 4.402500000000E+00   1.002076272452E+00
 4.407500000000E+00   1.000713726614E+00
 4.412500000000E+00   1.000650896993E+00
 4.417500000000E+00   1.000801100935E+00
 4.422500000000E+00   9.998557064937E-01
 4.427500000000E+00   1.000980101097E+00
 4.432500000000E+00   9.996031608449E-01
 4.437500000000E+00   1.000996021126E+00
 4.442500000000E+00   1.000822709492E+00
 4.447500000000E+00   1.001672404271E+00
 4.452500000000E+00   9.995511472561E-01
 4.457500000000E+00   1.000106484661E+00
 4.462500000000E+00   9.995801224198E-01
 4.467500000000E+00   1.001169024289E+00
 4.472500000000E+00   1.001689163634E+00
 4.477500000000E+00   9.983964527071E-01
 4.482500000000E+00   9.998267037789E-01
 4.487500000000E+00   9.996320282792E-01
 4.492500000000E+00   9.996729458663E-01
 4.497500000000E+00   1.000014610061E+00
 4.502500000000E+00   1.001536817087E+00
 4.507500000000E+00   9.985766454340E-01
 4.512500000000E+00   9.999115566143E-01
 4.517500000000E+00   9.988248762107E-01
 4.522500000000E+00   9.984576968040E-01
 4.527500000000E+00   9.993717458936E-01
 4.532500000000E+00   9.985154525437E-01
 4.537500000000E+00   9.988231160325E-01
 4.542500000000E+00   9.992775662624E-01
 4.547500000000E+00   9.976120806240E-01
 4.552500000000E+00   9.970585411692E-01
 4.557500000000E+00   9.969635480783E-01
 4.562500000000E+00   9.979834526275E-01
 4.567500000000E+00   9.971387100467E-01
 4.572500000000E+00   9.981490071798E-01
 4.577500000000E+00   9.990321984661E-01
 4.582500000000E+00   9.982429808375E-01
 4.587500000000E+00   9.977149800457E-01
 4.592500000000E+00   9.977447175870E-01
 4.597500000000E+00   9.991550176401E-01
 4.602500000000E+00   9.978688684265E-01
 4.607500000000E+00   9.976799127639E-01
 4.612500000000E+00   9.977012867348E-01
 4.617500000000E+00   9.975315235713E-01
 4.622500000000E+00   9.981693601429E-01
 4.627500000000E+00   1.000814203101E+00
 4.632500000000E+00   9.997110358431E-01
 4.637500000000E+00   9.986375301203E-01
 4.642500000000E+00   1.000059306856E+00
 4.647500000000E+00   9.990380919239E-01
 4.652500000000E+00   9.982424768635E-01
 4.657500000000E+00   9.984504917969E-01
 4.662500000000E+00   9.971969354641E-01
 4.667500000000E+00   9.965273914921E-01
 4.672500000000E+00   9.986880750361E-01
 4.677500000000E+00   9.973676870993E-01
 4.682500000000E+00   9.961935114772E-01
 4.687500000000E+00   9.977189054465E-01
 4.692500000000E+00   9.980409137613E-01
 4.697500000000E+00   9.958735711879E-01
 4.702500000000E+00   9.978794896017E-01
 4.707500000000E+00   9.970501452176E-01
 4.712500000000E+00   9.989706330366E-01
 4.717500000000E+00   9.952076125608E-01
 4.722500000000E+00   9.975384509913E-01
 4.727500000000E+00   9.984443488334E-01
 4.732500000000E+00   9.959445761035E-01
 4.737500000000E+00   9.967264389469E-01
 4.742500000000E+00   9.979839796897E-01
 4.747500000000E+00   9.950898263348E-01
 4.752500000000E+00   9.960265519346E-01
 4.757500000000E+00   9.976198141861E-01
 4.762500000000E+00   9.995915305812E-01
 4.767500000000E+00   9.965402821728E-01
 4.772500000000E+00   9.974104411376E-01
 4.777500000000E+00   9.994819393014E-01
 4.782500000000E+00   9.970970085686E-01
 4.787500000000E+00   9.980529202218E-01
 4.792500000000E+00   9.986334755246E-01
 4.797500000000E+00   1.000559245277E+00
 4.802500000000E+00   9.986800696535E-01
 4.807500000000E+00   1.000030400372E+00
 4.812500000000E+00   9.987616335298E-01
 4.817500000000E+00   9.982782999204E-01
 4.822500000000E+00   9.992127870350E-01
 4.827500000000E+00   9.989294737066E-01
 4.832500000000E+00   9.995873213364E-01
 4.837500000000E+00   9.985601764684E-01
 4.842500000000E+00   9.990109157090E-01
 4.847500000000E+00   9.998835610346E-01
 4.852500000000E+00   1.001300951468E+00
 4.857500000000E+00   9.987571666337E-01
 4.862500000000E+00   9.984554462835E-01
 4.867500000000E+00   9.987848404109E-01
 4.872500000000E+00   1.000387170243E+00
 4.877500000000E+00   9.996152531438E-01
 4.882500000000E+00   9.995633017318E-01
 4.887500000000E+00   1.000233300026E+00
 4.892500000000E+00   9.991686607241E-01
 4.897500000000E+00   9.989726078038E-01
 4.902500000000E+00   9.981819503282E-01
 4.907500000000E+00   9.996044191970E-01
 4.912500000000E+00   1.000625441926E+00
 4.917500000000E+00   1.000824129144E+00
 4.922500000000E+00   1.001065134201E+00
 4.927500000000E+00   9.997183851776E-01
 4.932500000000E+00   1.002281174277E+00
 4.937500000000E+00   1.000308670973E+00
 4.942500000000E+00   9.971610212596E-01
 4.947500000000E+00   9.984183731152E-01
 4.952500000000E+00   1.000714108805E+00
 4.957500000000E+00   1.000208255726E+00
 4.962500000000E+00   9.972465539233E-01
 4.967500000000E+00   9.982564515352E-01
 4.972500000000E+00   9.974641459197E-01
 4.977500000000E+00   9.976884949231E-01
 4.982500000000E+00   9.963620640812E-01
 4.987500000000E+00   9.983383411327E-01
 4.992500000000E+00   9.987497487356E-01
 4.997500000000E+00   9.970887215038E-01
