------------------------------------------------------------
 p - Hole Density
------------------------------------------------------------
Position (um), Charge Density (/cm3)
                   0,              3.5e+17
      0.487971470245,              3.5e+17
      0.951544366978,              3.5e+17
       1.39193861887,              3.5e+17
       1.81031315818,              3.5e+17
       2.20776897051,              3.5e+17
       2.58535199223,              3.5e+17
       2.94405586287,              3.5e+17
       3.28482453997,              3.5e+17
       3.60855478322,              3.5e+17
        3.9160985143,              3.5e+17
       4.20826505883,              3.5e+17
       4.48582327613,              3.5e+17
       4.74950358257,              3.5e+17
       4.99999987369,              3.5e+17
       5.25024593471,              3.5e+17
       5.48797969268,              3.5e+17
       5.71382676274,              3.5e+17
       5.92838147931,              3.5e+17
       6.13220846005,              3.5e+17
       6.32584409175,              3.5e+17
       6.50979794186,              3.5e+17
       6.68455409947,              3.5e+17
        6.8505724492,              3.5e+17
       7.00828988145,              3.5e+17
       7.15812144208,              3.5e+17
       7.30046142468,              3.5e+17
       7.43568440815,              3.5e+17
       7.56414624244,              3.5e+17
       7.68618498502,              3.5e+17
       7.80212179047,              3.5e+17
       7.91226175565,              3.5e+17
       8.01689472257,              3.5e+17
       8.11629604115,              3.5e+17
       8.21072729379,              3.5e+17
       8.30043698381,              3.5e+17
       8.38566118932,              3.5e+17
       8.46662418456,              3.5e+17
       8.54353903003,              3.5e+17
       8.61660813323,              3.5e+17
       8.68602378128,              3.5e+17
       8.75196864691,              3.5e+17
       8.81461626927,              3.5e+17
       8.87413151051,              3.5e+17
       8.93067098969,              3.5e+17
       8.98438349491,              3.5e+17
       9.03541037487,              3.5e+17
       9.08388591083,              3.5e+17
       9.12993766999,              3.5e+17
       9.17368684119,              3.5e+17
       9.21524855383,              3.5e+17
       9.25473218085,              3.5e+17
       9.29224162651,              3.5e+17
       9.32787559988,              3.5e+17
       9.36172787459,              3.5e+17
       9.39388753557,              3.5e+17
       9.42443921349,              3.5e+17
       9.45346330752,              3.5e+17
       9.48103619685,              3.5e+17
       9.50723044171,              3.5e+17
       9.53211497433,              3.5e+17
       9.55575528031,              3.5e+17
         9.578213571,              3.5e+17
       9.59954894715,              3.5e+17
        9.6198175545,              3.5e+17
       9.63907273148,              3.5e+17
       9.65736514961,              3.5e+17
       9.67474294683,              3.5e+17
       9.69125185419,              3.5e+17
       9.70693531618,              3.5e+17
       9.72183460508,              3.5e+17
       9.73598892953,              3.5e+17
       9.74943553775,              3.5e+17
       9.76220981557,              3.5e+17
       9.77434537949,              3.5e+17
       9.78587416522,              3.5e+17
       9.79682651166,    3.49999999999e+17
       9.80723124078,    3.49999999996e+17
       9.81711573345,    3.49999999985e+17
       9.82650600148,    3.49999999946e+17
       9.83542675611,    3.49999999817e+17
       9.84390147301,    3.49999999415e+17
       9.85195245406,    3.49999998226e+17
       9.85960088606,    3.49999994886e+17
       9.86686689646,    3.49999985959e+17
       9.87376960634,    3.49999963225e+17
       9.88032718072,    3.49999907933e+17
       9.88655687639,    3.49999779277e+17
       9.89247508728,    3.49999492336e+17
       9.89809738761,    3.49998877829e+17
       9.90343857294,    3.49997611954e+17
       9.90851269899,    3.49995099372e+17
       9.91333311875,    3.49990286254e+17
       9.91791251751,    3.49981373791e+17
       9.92226294634,    3.49965396762e+17
       9.92639585373,    3.49937627942e+17
       9.93032211574,    3.49890769203e+17
       9.93405206466,    3.49813895923e+17
       9.93759551613,    3.49691134708e+17
       9.94096179503,    3.49500076977e+17
       9.94415975998,    3.49209963854e+17
       9.94719782668,    3.48779721381e+17
       9.95008399005,    3.48155978839e+17
       9.95282584525,    3.47271264952e+17
       9.95543060769,    3.46042642845e+17
       9.95790513201,    3.44371107706e+17
       9.96025593011,    3.42142119627e+17
       9.96248918831,    3.39227661633e+17
        9.9646107836,    3.35490178591e+17
       9.96662629912,    3.30788643703e+17
       9.96854103887,    3.24986797315e+17
       9.97036004163,    3.17963302679e+17
       9.97208809425,    3.09623184641e+17
       9.97372974424,    2.99909512472e+17
       9.97528931173,     2.8881394347e+17
       9.97677090085,    2.76384566612e+17
       9.97817841051,    2.62729574184e+17
       9.97951554469,    2.48015696396e+17
       9.98078582215,    2.32461030646e+17
       9.98199258575,    2.16322761939e+17
       9.98313901117,     1.9988111285e+17
       9.98422811531,    1.83421475503e+17
       9.98526276425,    1.67216913674e+17
       9.98624568074,    1.51513035439e+17
        9.9871794514,    1.36516697923e+17
       9.98806653354,     1.2238927316e+17
       9.98890926156,    1.09244462155e+17
       9.98970985319,    9.71500460556e+16
       9.99047041523,    8.61325942334e+16
       9.99119294917,    7.61840212572e+16
       9.99187935642,    6.72689542838e+16
        9.9925314433,    5.93320680239e+16
       9.99315092584,    5.23047933854e+16
       9.99373943425,    4.61110508027e+16
       9.99429851724,    4.06718646697e+16
       9.99482964608,    3.59088661552e+16
       9.99533421848,    3.17467879084e+16
       9.99581356226,    2.81151042888e+16
       9.99626893885,    2.49489866899e+16
       9.99670154661,     2.2189737044e+16
       9.99711252398,    1.97848434908e+16
       9.99750295249,    1.76877776828e+16
       9.99787385957,    1.58576280301e+16
       9.99822622129,    1.42586401137e+16
       9.99856096493,    1.28597158301e+16
       9.99887897139,    1.16339069358e+16
       9.99918107752,    1.05579263558e+16
       9.99946807835,    9.61169145269e+15
       9.99974072913,    8.77790684943e+15
       9.99999974738,    8.04168983447e+15
       10.0000001659,    8.04054361675e+15
       10.0000006305,     8.0392715106e+15
       10.0000011463,    8.03785971365e+15
       10.0000017187,    8.03629291577e+15
       10.0000023541,    8.03455413563e+15
       10.0000030594,    8.03262453994e+15
       10.0000038423,    8.03048324333e+15
       10.0000047113,    8.02810708726e+15
       10.0000056759,    8.02547039547e+15
       10.0000067466,    8.02254470398e+15
       10.0000079351,    8.01929846288e+15
       10.0000092543,    8.01569670732e+15
       10.0000107186,    8.01170069465e+15
        10.000012344,     8.0072675047e+15
       10.0000141482,     8.0023495996e+15
       10.0000161508,    7.99689433976e+15
       10.0000183738,    7.99084345194e+15
       10.0000208413,    7.98413244569e+15
       10.0000235801,    7.97668997378e+15
       10.0000266203,    7.96843713235e+15
       10.0000299949,    7.95928669661e+15
       10.0000337407,    7.94914228767e+15
       10.0000378985,    7.93789746631e+15
       10.0000425137,    7.92543475001e+15
       10.0000476366,    7.91162454977e+15
       10.0000533229,    7.89632402411e+15
       10.0000596348,    7.87937584884e+15
        10.000066641,    7.86060690239e+15
       10.0000744178,    7.83982686856e+15
       10.0000830502,    7.81682676131e+15
        10.000092632,    7.79137737896e+15
       10.0001032679,    7.76322770002e+15
       10.0001150737,    7.73210323771e+15
       10.0001281782,    7.69770437671e+15
       10.0001427241,    7.65970472442e+15
       10.0001588701,    7.61774951799e+15
       10.0001767922,    7.57145414104e+15
       10.0001966857,    7.52040281819e+15
       10.0002187675,    7.46414757201e+15
       10.0002432783,    7.40220754777e+15
       10.0002704852,    7.33406883361e+15
        10.000300685,    7.25918493051e+15
       10.0003342066,    7.17697805564e+15
       10.0003714157,    7.08684149508e+15
       10.0004127178,    6.98814325598e+15
       10.0004585631,    6.88023130373e+15
       10.0005094514,    6.76244070355e+15
       10.0005659374,    6.63410301612e+15
       10.0006286369,    6.49455831893e+15
       10.0006982333,    6.34317023331e+15
       10.0007754853,    6.17934432502e+15
        10.000861235,    6.00255020362e+15
       10.0009564173,    5.81234756268e+15
       10.0010620695,     5.6084162653e+15
       10.0011793435,    5.39059037318e+15
       10.0013095176,    5.15889572892e+15
       10.0014540109,     4.9135903157e+15
       10.0016143985,    4.65520612912e+15
       10.0017924287,     4.3845907014e+15
       10.0019900422,    4.10294573349e+15
       10.0022093932,     3.8118595497e+15
       10.0024528728,    3.51332935488e+15
       10.0027231351,    3.20976864392e+15
       10.0030231263,    2.90399472242e+15
       10.0033561166,    2.59919131971e+15
       10.0037257358,    2.29884191159e+15
        10.004136013,    2.00663082019e+15
       10.0045914208,    1.72631158362e+15
       10.0050969235,    1.46154554358e+15
       10.0056580314,    1.21571796385e+15
       10.0062808612,      991743886833000
       10.0069722023,      791880674683000
       10.0077395909,      617567781925000
       10.0085913923,      469315594350000
       10.0095368917,      346663022846000
       10.0105863962,      248217247734000
       10.0117513461,      171778685306000
       10.0130444406,      114541165552000
       10.0144797754,       73343949146300
        10.016072997,       44941858763000
        10.017841473,       26255652095300
       10.0198044814,       14568742151700
       10.0219834207,        7648097728270
       10.0244020433,        3783669220380
       10.0270867145,        1757233294420
       10.0300666994,         763337611449
       10.0333744827,         309134690192
       10.0370461221,         116398817208
       10.0411216419,        40674387483.6
       10.0456454689,        13182614473.7
       10.0506669168,        3967019969.05
        10.056240724,         1112194260.1
         10.06242765,        292379715.844
       10.0692951379,         72828713.899
       10.0769180494,        17460246.3725
       10.0853794812,        4120149.82751
       10.0947716705,        987031.669647
       10.1051970006,        250239.102697
        10.116769117,        70839.6338344
       10.1296141662,         23858.227495
       10.1438721708,        10151.0140911
        10.159698556,        5613.49496225
       10.1772658435,        3931.11346073
       10.1967655326,        3262.60146483
       10.2184101876,        2993.80235428
       10.2424357545,        2889.85876789
       10.2691041339,        2852.58054686
        10.298706035,        2840.47098297
       10.3315641452,        2836.96341594
       10.3680366475,        2836.06785303
       10.4085211251,        2835.86820068
       10.4534588952,        2835.82966679
         10.50333982,        2835.82327866
       10.5587076465,        2835.82237568
        10.620165934,        2835.82226758
       10.6883846331,        2835.82225668
       10.7641073891,        2835.82225576
       10.8481596482,         2835.8222557
       10.9414576559,        2835.82225569
       11.0450184444,        2835.82225569
       11.1599709196,        2835.82225569
       11.2875681671,        2835.82225569
       11.4292011119,        2835.82225569
       11.5864136805,        2835.82225569
       11.7609196318,        2835.82225569
       11.9546212376,        2835.82225569
       12.1696300201,        2835.82225569
       12.4082897686,        2835.82225569
       12.6732020895,        2835.82225569
       12.9672547657,        2835.82225569
       13.2936532363,        2835.82225569
       13.6559555387,        2835.82225569
       14.0581110943,        2835.82225569
        14.504503761,        2835.82225569
       14.9999996211,        2835.82225569
       15.2317110533,        2835.82225569
       15.4750080571,        2835.82225569
       15.7304699111,        2835.82225569
       15.9987048577,        2835.82225569
       16.2803515518,        2835.82225569
       16.5760805805,        2835.82225569
       16.8865960607,        2835.82225569
       17.2126373148,        2835.82225569
       17.5549806317,        2835.82225569
       17.9144411144,        2835.82225569
       18.2918746213,        2835.82225569
       18.6881798035,        2835.82225569
       19.1043002448,        2835.82225569
       19.5412267082,        2835.82225569
       19.9999994948,        2835.82225569

------------------------------------------------------------
 n - Electron Density
------------------------------------------------------------
Position (um), Charge Density (/cm3)
                   0,        283.582225569
      0.487971470245,        283.582225569
      0.951544366978,        283.582225569
       1.39193861887,        283.582225569
       1.81031315818,        283.582225569
       2.20776897051,        283.582225569
       2.58535199223,        283.582225569
       2.94405586287,        283.582225569
       3.28482453997,        283.582225569
       3.60855478322,        283.582225569
        3.9160985143,        283.582225569
       4.20826505883,        283.582225569
       4.48582327613,        283.582225569
       4.74950358257,        283.582225569
       4.99999987369,        283.582225569
       5.25024593471,        283.582225569
       5.48797969268,        283.582225569
       5.71382676274,        283.582225569
       5.92838147931,        283.582225569
       6.13220846005,        283.582225569
       6.32584409175,        283.582225569
       6.50979794186,        283.582225569
       6.68455409947,        283.582225569
        6.8505724492,        283.582225569
       7.00828988145,        283.582225569
       7.15812144208,        283.582225569
       7.30046142468,        283.582225569
       7.43568440815,        283.582225569
       7.56414624244,        283.582225569
       7.68618498502,        283.582225569
       7.80212179047,        283.582225569
       7.91226175565,        283.582225569
       8.01689472257,        283.582225569
       8.11629604115,        283.582225569
       8.21072729379,        283.582225569
       8.30043698381,        283.582225569
       8.38566118932,        283.582225569
       8.46662418456,        283.582225569
       8.54353903003,        283.582225569
       8.61660813323,        283.582225569
       8.68602378128,        283.582225569
       8.75196864691,        283.582225569
       8.81461626927,        283.582225569
       8.87413151051,        283.582225569
       8.93067098969,        283.582225569
       8.98438349491,        283.582225569
       9.03541037487,        283.582225569
       9.08388591083,        283.582225569
       9.12993766999,        283.582225569
       9.17368684119,        283.582225569
       9.21524855383,        283.582225569
       9.25473218085,        283.582225569
       9.29224162651,        283.582225569
       9.32787559988,        283.582225569
       9.36172787459,        283.582225569
       9.39388753557,        283.582225569
       9.42443921349,        283.582225569
       9.45346330752,        283.582225569
       9.48103619685,        283.582225569
       9.50723044171,        283.582225569
       9.53211497433,        283.582225569
       9.55575528031,        283.582225569
         9.578213571,        283.582225569
       9.59954894715,        283.582225569
        9.6198175545,        283.582225569
       9.63907273148,        283.582225569
       9.65736514961,        283.582225569
       9.67474294683,        283.582225569
       9.69125185419,        283.582225569
       9.70693531618,        283.582225569
       9.72183460508,        283.582225569
       9.73598892953,        283.582225569
       9.74943553775,        283.582225569
       9.76220981557,        283.582225569
       9.77434537949,         283.58222557
       9.78587416522,         283.58222557
       9.79682651166,         283.58222557
       9.80723124078,        283.582225573
       9.81711573345,        283.582225582
       9.82650600148,        283.582225613
       9.83542675611,        283.582225718
       9.84390147301,        283.582226043
       9.85195245406,        283.582227007
       9.85960088606,        283.582229713
       9.86686689646,        283.582236946
       9.87376960634,        283.582255366
       9.88032718072,        283.582300165
       9.88655687639,        283.582404407
       9.89247508728,        283.582636897
       9.89809738761,        283.583134795
       9.90343857294,        283.584160461
       9.90851269899,        283.586196285
       9.91333311875,        283.590096204
       9.91791251751,        283.597317978
       9.92226294634,        283.610265094
       9.92639585373,        283.632770597
       9.93032211574,        283.670755806
       9.93405206466,        283.733093814
       9.93759551613,        283.832700055
       9.94096179503,        283.987860054
       9.94415975998,        284.223788616
       9.94719782668,        284.574397148
       9.95008399005,        285.084229431
       9.95282584525,        285.810514622
       9.95543060769,        286.825282958
       9.95790513201,        288.217497718
       9.96025593011,        290.095177576
       9.96248918831,        292.587516217
        9.9646107836,        295.847047941
       9.96662629912,        300.051954137
       9.96854103887,        305.408649734
       9.97036004163,        312.154824513
       9.97208809425,        320.563135685
       9.97372974424,        330.945751375
       9.97528931173,        343.659927761
       9.97677090085,        359.114765943
       9.97817841051,        377.779240337
       9.97951554469,        400.191521713
       9.98078582215,        426.969538393
       9.98199258575,        458.822631792
       9.98313901117,        496.564070183
       9.98422811531,        541.124089625
       9.98526276425,        593.563035989
       9.98624568074,        655.084090038
        9.9871794514,        727.044972953
       9.98806653354,        810.967958114
       9.98890926156,        908.547463109
       9.98970985319,         1021.6544714
       9.99047041523,        1152.33704305
       9.99119294917,         1302.8162246
       9.99187935642,        1475.47676348
        9.9925314433,        1672.85217345
       9.99315092584,         1897.6038815
       9.99373943425,         2152.4944069
       9.99429851724,        2440.35476994
       9.99482964608,        2764.04658728
       9.99533421848,        3126.41956836
       9.99581356226,         3530.2653666
       9.99626893885,        3978.26894466
       9.99670154661,        4472.95877155
       9.99711252398,        5016.65727079
       9.99750295249,        5611.43297532
       9.99787385957,        6259.05581598
       9.99822622129,        6960.95687654
       9.99856096493,        7718.19379684
       9.99887897139,        8531.42280555
       9.99918107752,        9400.87812743
       9.99946807835,        10326.3592509
       9.99974072913,        11307.2262729
       9.99999974738,         12342.403275
       10.0000208413,         12431.379317
       10.0000425137,        12523.4491331
        10.000066641,        12626.7322844
        10.000092632,         12738.925882
       10.0001150737,        12836.5822206
       10.0001427241,        12957.9118935
       10.0001767922,        13108.9454021
       10.0002187675,        13297.4030848
       10.0002432783,        13408.6727924
       10.0002704852,        13533.2488965
        10.000300685,        13672.8544457
       10.0003342066,        13829.4666892
       10.0003714157,        14005.3617706
       10.0004127178,        14203.1688982
       10.0004585631,        14425.9363628
       10.0005094514,        14677.2124593
       10.0005659374,        14961.1452683
       10.0006286369,        15282.6064646
       10.0006982333,        15647.3459325
       10.0007754853,        16062.1861688
        10.000861235,        16535.2684413
       10.0009564173,           17076.3668
       10.0010620695,        17697.2917584
       10.0011793435,         18412.413498
       10.0013095176,        19239.3458144
       10.0014540109,        20199.8482926
       10.0016143985,         21321.027726
       10.0017924287,        22636.9542128
       10.0019900422,        24190.8583239
       10.0022093932,        26038.1521552
       10.0024528728,        28250.6332097
       10.0027231351,        30922.4090457
       10.0030231263,        34178.3606503
       10.0033561166,         38186.407517
       10.0037257358,        43175.5565482
        10.004136013,        49462.8996777
       10.0045914208,        57494.7071497
       10.0050969235,        67910.1512679
       10.0056580314,        81642.1093546
       10.0062808612,        100080.051178
       10.0069722023,        125339.311998
       10.0077395909,        160717.223039
       10.0085913923,        211486.215553
       10.0095368917,         286311.98717
       10.0105863962,        399866.567917
       10.0117513461,        577800.317731
       10.0130444406,        866533.690928
       10.0144797754,        1353264.72197
        10.016072997,        2208492.96583
        10.017841473,         3780282.3784
       10.0198044814,        6812789.86997
       10.0219834207,        12977577.2324
       10.0244020433,        26232150.1083
       10.0270867145,        56482983.3719
       10.0300666994,        130026055.916
       10.0333744827,        321069689.356
       10.0370461221,        852704360.148
       10.0411216419,        2440203407.84
       10.0456454689,        7529142200.68
       10.0506669168,        25019732626.4
        10.056240724,        89241405490.3
         10.06242765,         339468757820
       10.0692951379,        1362838551380
       10.0769180494,        5684557756630
       10.0853794812,       24089846997000
       10.0947716705,      100557846320000
       10.1051970006,      396635769069000
        10.116769117,    1.40110519461e+15
       10.1296141662,    4.16014890336e+15
       10.1438721708,     9.7777205369e+15
        10.159698556,    1.76812804887e+16
       10.1772658435,    2.52482610692e+16
       10.1967655326,    3.04216681134e+16
       10.2184101876,    3.31530833381e+16
       10.2424357545,    3.43455465894e+16
       10.2691041339,    3.47943826016e+16
        10.298706035,    3.49427188464e+16
       10.3315641452,    3.49859213523e+16
       10.3680366475,    3.49969690758e+16
       10.4085211251,    3.49994329516e+16
       10.4534588952,    3.49999085317e+16
         10.50333982,    3.49999873744e+16
       10.5587076465,    3.49999985192e+16
        10.620165934,    3.49999998534e+16
       10.6883846331,    3.49999999878e+16
       10.7641073891,    3.49999999992e+16
       10.8481596482,              3.5e+16
       10.9414576559,              3.5e+16
       11.0450184444,              3.5e+16
       11.1599709196,              3.5e+16
       11.2875681671,              3.5e+16
       11.4292011119,              3.5e+16
       11.5864136805,              3.5e+16
       11.7609196318,              3.5e+16
       11.9546212376,              3.5e+16
       12.1696300201,              3.5e+16
       12.4082897686,              3.5e+16
       12.6732020895,              3.5e+16
       12.9672547657,              3.5e+16
       13.2936532363,              3.5e+16
       13.6559555387,              3.5e+16
       14.0581110943,              3.5e+16
        14.504503761,              3.5e+16
       14.9999996211,              3.5e+16
       15.2317110533,              3.5e+16
       15.4750080571,              3.5e+16
       15.7304699111,              3.5e+16
       15.9987048577,              3.5e+16
       16.2803515518,              3.5e+16
       16.5760805805,              3.5e+16
       16.8865960607,              3.5e+16
       17.2126373148,              3.5e+16
       17.5549806317,              3.5e+16
       17.9144411144,              3.5e+16
       18.2918746213,              3.5e+16
       18.6881798035,              3.5e+16
       19.1043002448,              3.5e+16
       19.5412267082,              3.5e+16
       19.9999994948,              3.5e+16

------------------------------------------------------------
 Doping Density
------------------------------------------------------------
Position (um), Charge Density (/cm3)
                   0,              3.5e+17
      0.487971470245,              3.5e+17
      0.951544366978,              3.5e+17
       1.39193861887,              3.5e+17
       1.81031315818,              3.5e+17
       2.20776897051,              3.5e+17
       2.58535199223,              3.5e+17
       2.94405586287,              3.5e+17
       3.28482453997,              3.5e+17
       3.60855478322,              3.5e+17
        3.9160985143,              3.5e+17
       4.20826505883,              3.5e+17
       4.48582327613,              3.5e+17
       4.74950358257,              3.5e+17
       4.99999987369,              3.5e+17
       5.25024593471,              3.5e+17
       5.48797969268,              3.5e+17
       5.71382676274,              3.5e+17
       5.92838147931,              3.5e+17
       6.13220846005,              3.5e+17
       6.32584409175,              3.5e+17
       6.50979794186,              3.5e+17
       6.68455409947,              3.5e+17
        6.8505724492,              3.5e+17
       7.00828988145,              3.5e+17
       7.15812144208,              3.5e+17
       7.30046142468,              3.5e+17
       7.43568440815,              3.5e+17
       7.56414624244,              3.5e+17
       7.68618498502,              3.5e+17
       7.80212179047,              3.5e+17
       7.91226175565,              3.5e+17
       8.01689472257,              3.5e+17
       8.11629604115,              3.5e+17
       8.21072729379,              3.5e+17
       8.30043698381,              3.5e+17
       8.38566118932,              3.5e+17
       8.46662418456,              3.5e+17
       8.54353903003,              3.5e+17
       8.61660813323,              3.5e+17
       8.68602378128,              3.5e+17
       8.75196864691,              3.5e+17
       8.81461626927,              3.5e+17
       8.87413151051,              3.5e+17
       8.93067098969,              3.5e+17
       8.98438349491,              3.5e+17
       9.03541037487,              3.5e+17
       9.08388591083,              3.5e+17
       9.12993766999,              3.5e+17
       9.17368684119,              3.5e+17
       9.21524855383,              3.5e+17
       9.25473218085,              3.5e+17
       9.29224162651,              3.5e+17
       9.32787559988,              3.5e+17
       9.36172787459,              3.5e+17
       9.39388753557,              3.5e+17
       9.42443921349,              3.5e+17
       9.45346330752,              3.5e+17
       9.48103619685,              3.5e+17
       9.50723044171,              3.5e+17
       9.53211497433,              3.5e+17
       9.55575528031,              3.5e+17
         9.578213571,              3.5e+17
       9.59954894715,              3.5e+17
        9.6198175545,              3.5e+17
       9.63907273148,              3.5e+17
       9.65736514961,              3.5e+17
       9.67474294683,              3.5e+17
       9.69125185419,              3.5e+17
       9.70693531618,              3.5e+17
       9.72183460508,              3.5e+17
       9.73598892953,              3.5e+17
       9.74943553775,              3.5e+17
       9.76220981557,              3.5e+17
       9.77434537949,              3.5e+17
       9.78587416522,              3.5e+17
       9.79682651166,              3.5e+17
       9.80723124078,              3.5e+17
       9.81711573345,              3.5e+17
       9.82650600148,              3.5e+17
       9.83542675611,              3.5e+17
       9.84390147301,              3.5e+17
       9.85195245406,              3.5e+17
       9.85960088606,              3.5e+17
       9.86686689646,              3.5e+17
       9.87376960634,              3.5e+17
       9.88032718072,              3.5e+17
       9.88655687639,              3.5e+17
       9.89247508728,              3.5e+17
       9.89809738761,              3.5e+17
       9.90343857294,              3.5e+17
       9.90851269899,              3.5e+17
       9.91333311875,              3.5e+17
       9.91791251751,              3.5e+17
       9.92226294634,              3.5e+17
       9.92639585373,              3.5e+17
       9.93032211574,              3.5e+17
       9.93405206466,              3.5e+17
       9.93759551613,              3.5e+17
       9.94096179503,              3.5e+17
       9.94415975998,              3.5e+17
       9.94719782668,              3.5e+17
       9.95008399005,              3.5e+17
       9.95282584525,              3.5e+17
       9.95543060769,              3.5e+17
       9.95790513201,              3.5e+17
       9.96025593011,              3.5e+17
       9.96248918831,              3.5e+17
        9.9646107836,              3.5e+17
       9.96662629912,              3.5e+17
       9.96854103887,              3.5e+17
       9.97036004163,              3.5e+17
       9.97208809425,              3.5e+17
       9.97372974424,              3.5e+17
       9.97528931173,              3.5e+17
       9.97677090085,              3.5e+17
       9.97817841051,              3.5e+17
       9.97951554469,              3.5e+17
       9.98078582215,              3.5e+17
       9.98199258575,              3.5e+17
       9.98313901117,              3.5e+17
       9.98422811531,              3.5e+17
       9.98526276425,              3.5e+17
       9.98624568074,              3.5e+17
        9.9871794514,              3.5e+17
       9.98806653354,              3.5e+17
       9.98890926156,              3.5e+17
       9.98970985319,              3.5e+17
       9.99047041523,              3.5e+17
       9.99119294917,              3.5e+17
       9.99187935642,              3.5e+17
        9.9925314433,              3.5e+17
       9.99315092584,              3.5e+17
       9.99373943425,              3.5e+17
       9.99429851724,              3.5e+17
       9.99482964608,              3.5e+17
       9.99533421848,              3.5e+17
       9.99581356226,              3.5e+17
       9.99626893885,              3.5e+17
       9.99670154661,              3.5e+17
       9.99711252398,              3.5e+17
       9.99750295249,              3.5e+17
       9.99787385957,              3.5e+17
       9.99822622129,              3.5e+17
       9.99856096493,              3.5e+17
       9.99887897139,              3.5e+17
       9.99918107752,              3.5e+17
       9.99946807835,              3.5e+17
       9.99974072913,              3.5e+17
       9.99999974738,             3.15e+17
       10.0000001659,              3.5e+16
       10.0000208413,              3.5e+16
       10.0000425137,              3.5e+16
        10.000066641,              3.5e+16
        10.000092632,              3.5e+16
       10.0001150737,              3.5e+16
       10.0001427241,              3.5e+16
       10.0001767922,              3.5e+16
       10.0002187675,              3.5e+16
       10.0002432783,              3.5e+16
       10.0002704852,              3.5e+16
        10.000300685,              3.5e+16
       10.0003342066,              3.5e+16
       10.0003714157,              3.5e+16
       10.0004127178,              3.5e+16
       10.0004585631,              3.5e+16
       10.0005094514,              3.5e+16
       10.0005659374,              3.5e+16
       10.0006286369,              3.5e+16
       10.0006982333,              3.5e+16
       10.0007754853,              3.5e+16
        10.000861235,              3.5e+16
       10.0009564173,              3.5e+16
       10.0010620695,              3.5e+16
       10.0011793435,              3.5e+16
       10.0013095176,              3.5e+16
       10.0014540109,              3.5e+16
       10.0016143985,              3.5e+16
       10.0017924287,              3.5e+16
       10.0019900422,              3.5e+16
       10.0022093932,              3.5e+16
       10.0024528728,              3.5e+16
       10.0027231351,              3.5e+16
       10.0030231263,              3.5e+16
       10.0033561166,              3.5e+16
       10.0037257358,              3.5e+16
        10.004136013,              3.5e+16
       10.0045914208,              3.5e+16
       10.0050969235,              3.5e+16
       10.0056580314,              3.5e+16
       10.0062808612,              3.5e+16
       10.0069722023,              3.5e+16
       10.0077395909,              3.5e+16
       10.0085913923,              3.5e+16
       10.0095368917,              3.5e+16
       10.0105863962,              3.5e+16
       10.0117513461,              3.5e+16
       10.0130444406,              3.5e+16
       10.0144797754,              3.5e+16
        10.016072997,              3.5e+16
        10.017841473,              3.5e+16
       10.0198044814,              3.5e+16
       10.0219834207,              3.5e+16
       10.0244020433,              3.5e+16
       10.0270867145,              3.5e+16
       10.0300666994,              3.5e+16
       10.0333744827,              3.5e+16
       10.0370461221,              3.5e+16
       10.0411216419,              3.5e+16
       10.0456454689,              3.5e+16
       10.0506669168,              3.5e+16
        10.056240724,              3.5e+16
         10.06242765,              3.5e+16
       10.0692951379,              3.5e+16
       10.0769180494,              3.5e+16
       10.0853794812,              3.5e+16
       10.0947716705,              3.5e+16
       10.1051970006,              3.5e+16
        10.116769117,              3.5e+16
       10.1296141662,              3.5e+16
       10.1438721708,              3.5e+16
        10.159698556,              3.5e+16
       10.1772658435,              3.5e+16
       10.1967655326,              3.5e+16
       10.2184101876,              3.5e+16
       10.2424357545,              3.5e+16
       10.2691041339,              3.5e+16
        10.298706035,              3.5e+16
       10.3315641452,              3.5e+16
       10.3680366475,              3.5e+16
       10.4085211251,              3.5e+16
       10.4534588952,              3.5e+16
         10.50333982,              3.5e+16
       10.5587076465,              3.5e+16
        10.620165934,              3.5e+16
       10.6883846331,              3.5e+16
       10.7641073891,              3.5e+16
       10.8481596482,              3.5e+16
       10.9414576559,              3.5e+16
       11.0450184444,              3.5e+16
       11.1599709196,              3.5e+16
       11.2875681671,              3.5e+16
       11.4292011119,              3.5e+16
       11.5864136805,              3.5e+16
       11.7609196318,              3.5e+16
       11.9546212376,              3.5e+16
       12.1696300201,              3.5e+16
       12.4082897686,              3.5e+16
       12.6732020895,              3.5e+16
       12.9672547657,              3.5e+16
       13.2936532363,              3.5e+16
       13.6559555387,              3.5e+16
       14.0581110943,              3.5e+16
        14.504503761,              3.5e+16
       14.9999996211,              3.5e+16
       15.2317110533,              3.5e+16
       15.4750080571,              3.5e+16
       15.7304699111,              3.5e+16
       15.9987048577,              3.5e+16
       16.2803515518,              3.5e+16
       16.5760805805,              3.5e+16
       16.8865960607,              3.5e+16
       17.2126373148,              3.5e+16
       17.5549806317,              3.5e+16
       17.9144411144,              3.5e+16
       18.2918746213,              3.5e+16
       18.6881798035,              3.5e+16
       19.1043002448,              3.5e+16
       19.5412267082,              3.5e+16
       19.9999994948,              3.5e+16

